3000
1 0.5 0.5 0.5 0 0 0
1 3.07895 0.5 0.5 0 0 0
1 5.65789 0.5 0.5 0 0 0
1 8.23684 0.5 0.5 0 0 0
1 10.8158 0.5 0.5 0 0 0
1 13.3947 0.5 0.5 0 0 0
1 15.9737 0.5 0.5 0 0 0
1 18.5526 0.5 0.5 0 0 0
1 21.1316 0.5 0.5 0 0 0
1 23.7105 0.5 0.5 0 0 0
1 26.2895 0.5 0.5 0 0 0
1 28.8684 0.5 0.5 0 0 0
1 31.4474 0.5 0.5 0 0 0
1 34.0263 0.5 0.5 0 0 0
1 36.6053 0.5 0.5 0 0 0
1 39.1842 0.5 0.5 0 0 0
1 41.7632 0.5 0.5 0 0 0
1 44.3421 0.5 0.5 0 0 0
1 46.9211 0.5 0.5 0 0 0
1 49.5 0.5 0.5 0 0 0
1 0.5 3.07895 0.5 0 0 0
1 3.07895 3.07895 0.5 0 0 0
1 5.65789 3.07895 0.5 0 0 0
1 8.23684 3.07895 0.5 0 0 0
1 10.8158 3.07895 0.5 0 0 0
1 13.3947 3.07895 0.5 0 0 0
1 15.9737 3.07895 0.5 0 0 0
1 18.5526 3.07895 0.5 0 0 0
1 21.1316 3.07895 0.5 0 0 0
1 23.7105 3.07895 0.5 0 0 0
1 26.2895 3.07895 0.5 0 0 0
1 28.8684 3.07895 0.5 0 0 0
1 31.4474 3.07895 0.5 0 0 0
1 34.0263 3.07895 0.5 0 0 0
1 36.6053 3.07895 0.5 0 0 0
1 39.1842 3.07895 0.5 0 0 0
1 41.7632 3.07895 0.5 0 0 0
1 44.3421 3.07895 0.5 0 0 0
1 46.9211 3.07895 0.5 0 0 0
1 49.5 3.07895 0.5 0 0 0
1 0.5 5.65789 0.5 0 0 0
1 3.07895 5.65789 0.5 0 0 0
1 5.65789 5.65789 0.5 0 0 0
1 8.23684 5.65789 0.5 0 0 0
1 10.8158 5.65789 0.5 0 0 0
1 13.3947 5.65789 0.5 0 0 0
1 15.9737 5.65789 0.5 0 0 0
1 18.5526 5.65789 0.5 0 0 0
1 21.1316 5.65789 0.5 0 0 0
1 23.7105 5.65789 0.5 0 0 0
1 26.2895 5.65789 0.5 0 0 0
1 28.8684 5.65789 0.5 0 0 0
1 31.4474 5.65789 0.5 0 0 0
1 34.0263 5.65789 0.5 0 0 0
1 36.6053 5.65789 0.5 0 0 0
1 39.1842 5.65789 0.5 0 0 0
1 41.7632 5.65789 0.5 0 0 0
1 44.3421 5.65789 0.5 0 0 0
1 46.9211 5.65789 0.5 0 0 0
1 49.5 5.65789 0.5 0 0 0
1 0.5 8.23684 0.5 0 0 0
1 3.07895 8.23684 0.5 0 0 0
1 5.65789 8.23684 0.5 0 0 0
1 8.23684 8.23684 0.5 0 0 0
1 10.8158 8.23684 0.5 0 0 0
1 13.3947 8.23684 0.5 0 0 0
1 15.9737 8.23684 0.5 0 0 0
1 18.5526 8.23684 0.5 0 0 0
1 21.1316 8.23684 0.5 0 0 0
1 23.7105 8.23684 0.5 0 0 0
1 26.2895 8.23684 0.5 0 0 0
1 28.8684 8.23684 0.5 0 0 0
1 31.4474 8.23684 0.5 0 0 0
1 34.0263 8.23684 0.5 0 0 0
1 36.6053 8.23684 0.5 0 0 0
1 39.1842 8.23684 0.5 0 0 0
1 41.7632 8.23684 0.5 0 0 0
1 44.3421 8.23684 0.5 0 0 0
1 46.9211 8.23684 0.5 0 0 0
1 49.5 8.23684 0.5 0 0 0
1 0.5 10.8158 0.5 0 0 0
1 3.07895 10.8158 0.5 0 0 0
1 5.65789 10.8158 0.5 0 0 0
1 8.23684 10.8158 0.5 0 0 0
1 10.8158 10.8158 0.5 0 0 0
1 13.3947 10.8158 0.5 0 0 0
1 15.9737 10.8158 0.5 0 0 0
1 18.5526 10.8158 0.5 0 0 0
1 21.1316 10.8158 0.5 0 0 0
1 23.7105 10.8158 0.5 0 0 0
1 26.2895 10.8158 0.5 0 0 0
1 28.8684 10.8158 0.5 0 0 0
1 31.4474 10.8158 0.5 0 0 0
1 34.0263 10.8158 0.5 0 0 0
1 36.6053 10.8158 0.5 0 0 0
1 39.1842 10.8158 0.5 0 0 0
1 41.7632 10.8158 0.5 0 0 0
1 44.3421 10.8158 0.5 0 0 0
1 46.9211 10.8158 0.5 0 0 0
1 49.5 10.8158 0.5 0 0 0
1 0.5 13.3947 0.5 0 0 0
1 3.07895 13.3947 0.5 0 0 0
1 5.65789 13.3947 0.5 0 0 0
1 8.23684 13.3947 0.5 0 0 0
1 10.8158 13.3947 0.5 0 0 0
1 13.3947 13.3947 0.5 0 0 0
1 15.9737 13.3947 0.5 0 0 0
1 18.5526 13.3947 0.5 0 0 0
1 21.1316 13.3947 0.5 0 0 0
1 23.7105 13.3947 0.5 0 0 0
1 26.2895 13.3947 0.5 0 0 0
1 28.8684 13.3947 0.5 0 0 0
1 31.4474 13.3947 0.5 0 0 0
1 34.0263 13.3947 0.5 0 0 0
1 36.6053 13.3947 0.5 0 0 0
1 39.1842 13.3947 0.5 0 0 0
1 41.7632 13.3947 0.5 0 0 0
1 44.3421 13.3947 0.5 0 0 0
1 46.9211 13.3947 0.5 0 0 0
1 49.5 13.3947 0.5 0 0 0
1 0.5 15.9737 0.5 0 0 0
1 3.07895 15.9737 0.5 0 0 0
1 5.65789 15.9737 0.5 0 0 0
1 8.23684 15.9737 0.5 0 0 0
1 10.8158 15.9737 0.5 0 0 0
1 13.3947 15.9737 0.5 0 0 0
1 15.9737 15.9737 0.5 0 0 0
1 18.5526 15.9737 0.5 0 0 0
1 21.1316 15.9737 0.5 0 0 0
1 23.7105 15.9737 0.5 0 0 0
1 26.2895 15.9737 0.5 0 0 0
1 28.8684 15.9737 0.5 0 0 0
1 31.4474 15.9737 0.5 0 0 0
1 34.0263 15.9737 0.5 0 0 0
1 36.6053 15.9737 0.5 0 0 0
1 39.1842 15.9737 0.5 0 0 0
1 41.7632 15.9737 0.5 0 0 0
1 44.3421 15.9737 0.5 0 0 0
1 46.9211 15.9737 0.5 0 0 0
1 49.5 15.9737 0.5 0 0 0
1 0.5 18.5526 0.5 0 0 0
1 3.07895 18.5526 0.5 0 0 0
1 5.65789 18.5526 0.5 0 0 0
1 8.23684 18.5526 0.5 0 0 0
1 10.8158 18.5526 0.5 0 0 0
1 13.3947 18.5526 0.5 0 0 0
1 15.9737 18.5526 0.5 0 0 0
1 18.5526 18.5526 0.5 0 0 0
1 21.1316 18.5526 0.5 0 0 0
1 23.7105 18.5526 0.5 0 0 0
1 26.2895 18.5526 0.5 0 0 0
1 28.8684 18.5526 0.5 0 0 0
1 31.4474 18.5526 0.5 0 0 0
1 34.0263 18.5526 0.5 0 0 0
1 36.6053 18.5526 0.5 0 0 0
1 39.1842 18.5526 0.5 0 0 0
1 41.7632 18.5526 0.5 0 0 0
1 44.3421 18.5526 0.5 0 0 0
1 46.9211 18.5526 0.5 0 0 0
1 49.5 18.5526 0.5 0 0 0
1 0.5 21.1316 0.5 0 0 0
1 3.07895 21.1316 0.5 0 0 0
1 5.65789 21.1316 0.5 0 0 0
1 8.23684 21.1316 0.5 0 0 0
1 10.8158 21.1316 0.5 0 0 0
1 13.3947 21.1316 0.5 0 0 0
1 15.9737 21.1316 0.5 0 0 0
1 18.5526 21.1316 0.5 0 0 0
1 21.1316 21.1316 0.5 0 0 0
1 23.7105 21.1316 0.5 0 0 0
1 26.2895 21.1316 0.5 0 0 0
1 28.8684 21.1316 0.5 0 0 0
1 31.4474 21.1316 0.5 0 0 0
1 34.0263 21.1316 0.5 0 0 0
1 36.6053 21.1316 0.5 0 0 0
1 39.1842 21.1316 0.5 0 0 0
1 41.7632 21.1316 0.5 0 0 0
1 44.3421 21.1316 0.5 0 0 0
1 46.9211 21.1316 0.5 0 0 0
1 49.5 21.1316 0.5 0 0 0
1 0.5 23.7105 0.5 0 0 0
1 3.07895 23.7105 0.5 0 0 0
1 5.65789 23.7105 0.5 0 0 0
1 8.23684 23.7105 0.5 0 0 0
1 10.8158 23.7105 0.5 0 0 0
1 13.3947 23.7105 0.5 0 0 0
1 15.9737 23.7105 0.5 0 0 0
1 18.5526 23.7105 0.5 0 0 0
1 21.1316 23.7105 0.5 0 0 0
1 23.7105 23.7105 0.5 0 0 0
1 26.2895 23.7105 0.5 0 0 0
1 28.8684 23.7105 0.5 0 0 0
1 31.4474 23.7105 0.5 0 0 0
1 34.0263 23.7105 0.5 0 0 0
1 36.6053 23.7105 0.5 0 0 0
1 39.1842 23.7105 0.5 0 0 0
1 41.7632 23.7105 0.5 0 0 0
1 44.3421 23.7105 0.5 0 0 0
1 46.9211 23.7105 0.5 0 0 0
1 49.5 23.7105 0.5 0 0 0
1 0.5 26.2895 0.5 0 0 0
1 3.07895 26.2895 0.5 0 0 0
1 5.65789 26.2895 0.5 0 0 0
1 8.23684 26.2895 0.5 0 0 0
1 10.8158 26.2895 0.5 0 0 0
1 13.3947 26.2895 0.5 0 0 0
1 15.9737 26.2895 0.5 0 0 0
1 18.5526 26.2895 0.5 0 0 0
1 21.1316 26.2895 0.5 0 0 0
1 23.7105 26.2895 0.5 0 0 0
1 26.2895 26.2895 0.5 0 0 0
1 28.8684 26.2895 0.5 0 0 0
1 31.4474 26.2895 0.5 0 0 0
1 34.0263 26.2895 0.5 0 0 0
1 36.6053 26.2895 0.5 0 0 0
1 39.1842 26.2895 0.5 0 0 0
1 41.7632 26.2895 0.5 0 0 0
1 44.3421 26.2895 0.5 0 0 0
1 46.9211 26.2895 0.5 0 0 0
1 49.5 26.2895 0.5 0 0 0
1 0.5 28.8684 0.5 0 0 0
1 3.07895 28.8684 0.5 0 0 0
1 5.65789 28.8684 0.5 0 0 0
1 8.23684 28.8684 0.5 0 0 0
1 10.8158 28.8684 0.5 0 0 0
1 13.3947 28.8684 0.5 0 0 0
1 15.9737 28.8684 0.5 0 0 0
1 18.5526 28.8684 0.5 0 0 0
1 21.1316 28.8684 0.5 0 0 0
1 23.7105 28.8684 0.5 0 0 0
1 26.2895 28.8684 0.5 0 0 0
1 28.8684 28.8684 0.5 0 0 0
1 31.4474 28.8684 0.5 0 0 0
1 34.0263 28.8684 0.5 0 0 0
1 36.6053 28.8684 0.5 0 0 0
1 39.1842 28.8684 0.5 0 0 0
1 41.7632 28.8684 0.5 0 0 0
1 44.3421 28.8684 0.5 0 0 0
1 46.9211 28.8684 0.5 0 0 0
1 49.5 28.8684 0.5 0 0 0
1 0.5 31.4474 0.5 0 0 0
1 3.07895 31.4474 0.5 0 0 0
1 5.65789 31.4474 0.5 0 0 0
1 8.23684 31.4474 0.5 0 0 0
1 10.8158 31.4474 0.5 0 0 0
1 13.3947 31.4474 0.5 0 0 0
1 15.9737 31.4474 0.5 0 0 0
1 18.5526 31.4474 0.5 0 0 0
1 21.1316 31.4474 0.5 0 0 0
1 23.7105 31.4474 0.5 0 0 0
1 26.2895 31.4474 0.5 0 0 0
1 28.8684 31.4474 0.5 0 0 0
1 31.4474 31.4474 0.5 0 0 0
1 34.0263 31.4474 0.5 0 0 0
1 36.6053 31.4474 0.5 0 0 0
1 39.1842 31.4474 0.5 0 0 0
1 41.7632 31.4474 0.5 0 0 0
1 44.3421 31.4474 0.5 0 0 0
1 46.9211 31.4474 0.5 0 0 0
1 49.5 31.4474 0.5 0 0 0
1 0.5 34.0263 0.5 0 0 0
1 3.07895 34.0263 0.5 0 0 0
1 5.65789 34.0263 0.5 0 0 0
1 8.23684 34.0263 0.5 0 0 0
1 10.8158 34.0263 0.5 0 0 0
1 13.3947 34.0263 0.5 0 0 0
1 15.9737 34.0263 0.5 0 0 0
1 18.5526 34.0263 0.5 0 0 0
1 21.1316 34.0263 0.5 0 0 0
1 23.7105 34.0263 0.5 0 0 0
1 26.2895 34.0263 0.5 0 0 0
1 28.8684 34.0263 0.5 0 0 0
1 31.4474 34.0263 0.5 0 0 0
1 34.0263 34.0263 0.5 0 0 0
1 36.6053 34.0263 0.5 0 0 0
1 39.1842 34.0263 0.5 0 0 0
1 41.7632 34.0263 0.5 0 0 0
1 44.3421 34.0263 0.5 0 0 0
1 46.9211 34.0263 0.5 0 0 0
1 49.5 34.0263 0.5 0 0 0
1 0.5 36.6053 0.5 0 0 0
1 3.07895 36.6053 0.5 0 0 0
1 5.65789 36.6053 0.5 0 0 0
1 8.23684 36.6053 0.5 0 0 0
1 10.8158 36.6053 0.5 0 0 0
1 13.3947 36.6053 0.5 0 0 0
1 15.9737 36.6053 0.5 0 0 0
1 18.5526 36.6053 0.5 0 0 0
1 21.1316 36.6053 0.5 0 0 0
1 23.7105 36.6053 0.5 0 0 0
1 26.2895 36.6053 0.5 0 0 0
1 28.8684 36.6053 0.5 0 0 0
1 31.4474 36.6053 0.5 0 0 0
1 34.0263 36.6053 0.5 0 0 0
1 36.6053 36.6053 0.5 0 0 0
1 39.1842 36.6053 0.5 0 0 0
1 41.7632 36.6053 0.5 0 0 0
1 44.3421 36.6053 0.5 0 0 0
1 46.9211 36.6053 0.5 0 0 0
1 49.5 36.6053 0.5 0 0 0
1 0.5 39.1842 0.5 0 0 0
1 3.07895 39.1842 0.5 0 0 0
1 5.65789 39.1842 0.5 0 0 0
1 8.23684 39.1842 0.5 0 0 0
1 10.8158 39.1842 0.5 0 0 0
1 13.3947 39.1842 0.5 0 0 0
1 15.9737 39.1842 0.5 0 0 0
1 18.5526 39.1842 0.5 0 0 0
1 21.1316 39.1842 0.5 0 0 0
1 23.7105 39.1842 0.5 0 0 0
1 26.2895 39.1842 0.5 0 0 0
1 28.8684 39.1842 0.5 0 0 0
1 31.4474 39.1842 0.5 0 0 0
1 34.0263 39.1842 0.5 0 0 0
1 36.6053 39.1842 0.5 0 0 0
1 39.1842 39.1842 0.5 0 0 0
1 41.7632 39.1842 0.5 0 0 0
1 44.3421 39.1842 0.5 0 0 0
1 46.9211 39.1842 0.5 0 0 0
1 49.5 39.1842 0.5 0 0 0
1 0.5 41.7632 0.5 0 0 0
1 3.07895 41.7632 0.5 0 0 0
1 5.65789 41.7632 0.5 0 0 0
1 8.23684 41.7632 0.5 0 0 0
1 10.8158 41.7632 0.5 0 0 0
1 13.3947 41.7632 0.5 0 0 0
1 15.9737 41.7632 0.5 0 0 0
1 18.5526 41.7632 0.5 0 0 0
1 21.1316 41.7632 0.5 0 0 0
1 23.7105 41.7632 0.5 0 0 0
1 26.2895 41.7632 0.5 0 0 0
1 28.8684 41.7632 0.5 0 0 0
1 31.4474 41.7632 0.5 0 0 0
1 34.0263 41.7632 0.5 0 0 0
1 36.6053 41.7632 0.5 0 0 0
1 39.1842 41.7632 0.5 0 0 0
1 41.7632 41.7632 0.5 0 0 0
1 44.3421 41.7632 0.5 0 0 0
1 46.9211 41.7632 0.5 0 0 0
1 49.5 41.7632 0.5 0 0 0
1 0.5 44.3421 0.5 0 0 0
1 3.07895 44.3421 0.5 0 0 0
1 5.65789 44.3421 0.5 0 0 0
1 8.23684 44.3421 0.5 0 0 0
1 10.8158 44.3421 0.5 0 0 0
1 13.3947 44.3421 0.5 0 0 0
1 15.9737 44.3421 0.5 0 0 0
1 18.5526 44.3421 0.5 0 0 0
1 21.1316 44.3421 0.5 0 0 0
1 23.7105 44.3421 0.5 0 0 0
1 26.2895 44.3421 0.5 0 0 0
1 28.8684 44.3421 0.5 0 0 0
1 31.4474 44.3421 0.5 0 0 0
1 34.0263 44.3421 0.5 0 0 0
1 36.6053 44.3421 0.5 0 0 0
1 39.1842 44.3421 0.5 0 0 0
1 41.7632 44.3421 0.5 0 0 0
1 44.3421 44.3421 0.5 0 0 0
1 46.9211 44.3421 0.5 0 0 0
1 49.5 44.3421 0.5 0 0 0
1 0.5 46.9211 0.5 0 0 0
1 3.07895 46.9211 0.5 0 0 0
1 5.65789 46.9211 0.5 0 0 0
1 8.23684 46.9211 0.5 0 0 0
1 10.8158 46.9211 0.5 0 0 0
1 13.3947 46.9211 0.5 0 0 0
1 15.9737 46.9211 0.5 0 0 0
1 18.5526 46.9211 0.5 0 0 0
1 21.1316 46.9211 0.5 0 0 0
1 23.7105 46.9211 0.5 0 0 0
1 26.2895 46.9211 0.5 0 0 0
1 28.8684 46.9211 0.5 0 0 0
1 31.4474 46.9211 0.5 0 0 0
1 34.0263 46.9211 0.5 0 0 0
1 36.6053 46.9211 0.5 0 0 0
1 39.1842 46.9211 0.5 0 0 0
1 41.7632 46.9211 0.5 0 0 0
1 44.3421 46.9211 0.5 0 0 0
1 46.9211 46.9211 0.5 0 0 0
1 49.5 46.9211 0.5 0 0 0
1 0.5 49.5 0.5 0 0 0
1 3.07895 49.5 0.5 0 0 0
1 5.65789 49.5 0.5 0 0 0
1 8.23684 49.5 0.5 0 0 0
1 10.8158 49.5 0.5 0 0 0
1 13.3947 49.5 0.5 0 0 0
1 15.9737 49.5 0.5 0 0 0
1 18.5526 49.5 0.5 0 0 0
1 21.1316 49.5 0.5 0 0 0
1 23.7105 49.5 0.5 0 0 0
1 26.2895 49.5 0.5 0 0 0
1 28.8684 49.5 0.5 0 0 0
1 31.4474 49.5 0.5 0 0 0
1 34.0263 49.5 0.5 0 0 0
1 36.6053 49.5 0.5 0 0 0
1 39.1842 49.5 0.5 0 0 0
1 41.7632 49.5 0.5 0 0 0
1 44.3421 49.5 0.5 0 0 0
1 46.9211 49.5 0.5 0 0 0
1 49.5 49.5 0.5 0 0 0
1 0.5 0.5 3.07895 0 0 0
1 3.07895 0.5 3.07895 0 0 0
1 5.65789 0.5 3.07895 0 0 0
1 8.23684 0.5 3.07895 0 0 0
1 10.8158 0.5 3.07895 0 0 0
1 13.3947 0.5 3.07895 0 0 0
1 15.9737 0.5 3.07895 0 0 0
1 18.5526 0.5 3.07895 0 0 0
1 21.1316 0.5 3.07895 0 0 0
1 23.7105 0.5 3.07895 0 0 0
1 26.2895 0.5 3.07895 0 0 0
1 28.8684 0.5 3.07895 0 0 0
1 31.4474 0.5 3.07895 0 0 0
1 34.0263 0.5 3.07895 0 0 0
1 36.6053 0.5 3.07895 0 0 0
1 39.1842 0.5 3.07895 0 0 0
1 41.7632 0.5 3.07895 0 0 0
1 44.3421 0.5 3.07895 0 0 0
1 46.9211 0.5 3.07895 0 0 0
1 49.5 0.5 3.07895 0 0 0
1 0.5 3.07895 3.07895 0 0 0
1 3.07895 3.07895 3.07895 0 0 0
1 5.65789 3.07895 3.07895 0 0 0
1 8.23684 3.07895 3.07895 0 0 0
1 10.8158 3.07895 3.07895 0 0 0
1 13.3947 3.07895 3.07895 0 0 0
1 15.9737 3.07895 3.07895 0 0 0
1 18.5526 3.07895 3.07895 0 0 0
1 21.1316 3.07895 3.07895 0 0 0
1 23.7105 3.07895 3.07895 0 0 0
1 26.2895 3.07895 3.07895 0 0 0
1 28.8684 3.07895 3.07895 0 0 0
1 31.4474 3.07895 3.07895 0 0 0
1 34.0263 3.07895 3.07895 0 0 0
1 36.6053 3.07895 3.07895 0 0 0
1 39.1842 3.07895 3.07895 0 0 0
1 41.7632 3.07895 3.07895 0 0 0
1 44.3421 3.07895 3.07895 0 0 0
1 46.9211 3.07895 3.07895 0 0 0
1 49.5 3.07895 3.07895 0 0 0
1 0.5 5.65789 3.07895 0 0 0
1 3.07895 5.65789 3.07895 0 0 0
1 5.65789 5.65789 3.07895 0 0 0
1 8.23684 5.65789 3.07895 0 0 0
1 10.8158 5.65789 3.07895 0 0 0
1 13.3947 5.65789 3.07895 0 0 0
1 15.9737 5.65789 3.07895 0 0 0
1 18.5526 5.65789 3.07895 0 0 0
1 21.1316 5.65789 3.07895 0 0 0
1 23.7105 5.65789 3.07895 0 0 0
1 26.2895 5.65789 3.07895 0 0 0
1 28.8684 5.65789 3.07895 0 0 0
1 31.4474 5.65789 3.07895 0 0 0
1 34.0263 5.65789 3.07895 0 0 0
1 36.6053 5.65789 3.07895 0 0 0
1 39.1842 5.65789 3.07895 0 0 0
1 41.7632 5.65789 3.07895 0 0 0
1 44.3421 5.65789 3.07895 0 0 0
1 46.9211 5.65789 3.07895 0 0 0
1 49.5 5.65789 3.07895 0 0 0
1 0.5 8.23684 3.07895 0 0 0
1 3.07895 8.23684 3.07895 0 0 0
1 5.65789 8.23684 3.07895 0 0 0
1 8.23684 8.23684 3.07895 0 0 0
1 10.8158 8.23684 3.07895 0 0 0
1 13.3947 8.23684 3.07895 0 0 0
1 15.9737 8.23684 3.07895 0 0 0
1 18.5526 8.23684 3.07895 0 0 0
1 21.1316 8.23684 3.07895 0 0 0
1 23.7105 8.23684 3.07895 0 0 0
1 26.2895 8.23684 3.07895 0 0 0
1 28.8684 8.23684 3.07895 0 0 0
1 31.4474 8.23684 3.07895 0 0 0
1 34.0263 8.23684 3.07895 0 0 0
1 36.6053 8.23684 3.07895 0 0 0
1 39.1842 8.23684 3.07895 0 0 0
1 41.7632 8.23684 3.07895 0 0 0
1 44.3421 8.23684 3.07895 0 0 0
1 46.9211 8.23684 3.07895 0 0 0
1 49.5 8.23684 3.07895 0 0 0
1 0.5 10.8158 3.07895 0 0 0
1 3.07895 10.8158 3.07895 0 0 0
1 5.65789 10.8158 3.07895 0 0 0
1 8.23684 10.8158 3.07895 0 0 0
1 10.8158 10.8158 3.07895 0 0 0
1 13.3947 10.8158 3.07895 0 0 0
1 15.9737 10.8158 3.07895 0 0 0
1 18.5526 10.8158 3.07895 0 0 0
1 21.1316 10.8158 3.07895 0 0 0
1 23.7105 10.8158 3.07895 0 0 0
1 26.2895 10.8158 3.07895 0 0 0
1 28.8684 10.8158 3.07895 0 0 0
1 31.4474 10.8158 3.07895 0 0 0
1 34.0263 10.8158 3.07895 0 0 0
1 36.6053 10.8158 3.07895 0 0 0
1 39.1842 10.8158 3.07895 0 0 0
1 41.7632 10.8158 3.07895 0 0 0
1 44.3421 10.8158 3.07895 0 0 0
1 46.9211 10.8158 3.07895 0 0 0
1 49.5 10.8158 3.07895 0 0 0
1 0.5 13.3947 3.07895 0 0 0
1 3.07895 13.3947 3.07895 0 0 0
1 5.65789 13.3947 3.07895 0 0 0
1 8.23684 13.3947 3.07895 0 0 0
1 10.8158 13.3947 3.07895 0 0 0
1 13.3947 13.3947 3.07895 0 0 0
1 15.9737 13.3947 3.07895 0 0 0
1 18.5526 13.3947 3.07895 0 0 0
1 21.1316 13.3947 3.07895 0 0 0
1 23.7105 13.3947 3.07895 0 0 0
1 26.2895 13.3947 3.07895 0 0 0
1 28.8684 13.3947 3.07895 0 0 0
1 31.4474 13.3947 3.07895 0 0 0
1 34.0263 13.3947 3.07895 0 0 0
1 36.6053 13.3947 3.07895 0 0 0
1 39.1842 13.3947 3.07895 0 0 0
1 41.7632 13.3947 3.07895 0 0 0
1 44.3421 13.3947 3.07895 0 0 0
1 46.9211 13.3947 3.07895 0 0 0
1 49.5 13.3947 3.07895 0 0 0
1 0.5 15.9737 3.07895 0 0 0
1 3.07895 15.9737 3.07895 0 0 0
1 5.65789 15.9737 3.07895 0 0 0
1 8.23684 15.9737 3.07895 0 0 0
1 10.8158 15.9737 3.07895 0 0 0
1 13.3947 15.9737 3.07895 0 0 0
1 15.9737 15.9737 3.07895 0 0 0
1 18.5526 15.9737 3.07895 0 0 0
1 21.1316 15.9737 3.07895 0 0 0
1 23.7105 15.9737 3.07895 0 0 0
1 26.2895 15.9737 3.07895 0 0 0
1 28.8684 15.9737 3.07895 0 0 0
1 31.4474 15.9737 3.07895 0 0 0
1 34.0263 15.9737 3.07895 0 0 0
1 36.6053 15.9737 3.07895 0 0 0
1 39.1842 15.9737 3.07895 0 0 0
1 41.7632 15.9737 3.07895 0 0 0
1 44.3421 15.9737 3.07895 0 0 0
1 46.9211 15.9737 3.07895 0 0 0
1 49.5 15.9737 3.07895 0 0 0
1 0.5 18.5526 3.07895 0 0 0
1 3.07895 18.5526 3.07895 0 0 0
1 5.65789 18.5526 3.07895 0 0 0
1 8.23684 18.5526 3.07895 0 0 0
1 10.8158 18.5526 3.07895 0 0 0
1 13.3947 18.5526 3.07895 0 0 0
1 15.9737 18.5526 3.07895 0 0 0
1 18.5526 18.5526 3.07895 0 0 0
1 21.1316 18.5526 3.07895 0 0 0
1 23.7105 18.5526 3.07895 0 0 0
1 26.2895 18.5526 3.07895 0 0 0
1 28.8684 18.5526 3.07895 0 0 0
1 31.4474 18.5526 3.07895 0 0 0
1 34.0263 18.5526 3.07895 0 0 0
1 36.6053 18.5526 3.07895 0 0 0
1 39.1842 18.5526 3.07895 0 0 0
1 41.7632 18.5526 3.07895 0 0 0
1 44.3421 18.5526 3.07895 0 0 0
1 46.9211 18.5526 3.07895 0 0 0
1 49.5 18.5526 3.07895 0 0 0
1 0.5 21.1316 3.07895 0 0 0
1 3.07895 21.1316 3.07895 0 0 0
1 5.65789 21.1316 3.07895 0 0 0
1 8.23684 21.1316 3.07895 0 0 0
1 10.8158 21.1316 3.07895 0 0 0
1 13.3947 21.1316 3.07895 0 0 0
1 15.9737 21.1316 3.07895 0 0 0
1 18.5526 21.1316 3.07895 0 0 0
1 21.1316 21.1316 3.07895 0 0 0
1 23.7105 21.1316 3.07895 0 0 0
1 26.2895 21.1316 3.07895 0 0 0
1 28.8684 21.1316 3.07895 0 0 0
1 31.4474 21.1316 3.07895 0 0 0
1 34.0263 21.1316 3.07895 0 0 0
1 36.6053 21.1316 3.07895 0 0 0
1 39.1842 21.1316 3.07895 0 0 0
1 41.7632 21.1316 3.07895 0 0 0
1 44.3421 21.1316 3.07895 0 0 0
1 46.9211 21.1316 3.07895 0 0 0
1 49.5 21.1316 3.07895 0 0 0
1 0.5 23.7105 3.07895 0 0 0
1 3.07895 23.7105 3.07895 0 0 0
1 5.65789 23.7105 3.07895 0 0 0
1 8.23684 23.7105 3.07895 0 0 0
1 10.8158 23.7105 3.07895 0 0 0
1 13.3947 23.7105 3.07895 0 0 0
1 15.9737 23.7105 3.07895 0 0 0
1 18.5526 23.7105 3.07895 0 0 0
1 21.1316 23.7105 3.07895 0 0 0
1 23.7105 23.7105 3.07895 0 0 0
1 26.2895 23.7105 3.07895 0 0 0
1 28.8684 23.7105 3.07895 0 0 0
1 31.4474 23.7105 3.07895 0 0 0
1 34.0263 23.7105 3.07895 0 0 0
1 36.6053 23.7105 3.07895 0 0 0
1 39.1842 23.7105 3.07895 0 0 0
1 41.7632 23.7105 3.07895 0 0 0
1 44.3421 23.7105 3.07895 0 0 0
1 46.9211 23.7105 3.07895 0 0 0
1 49.5 23.7105 3.07895 0 0 0
1 0.5 26.2895 3.07895 0 0 0
1 3.07895 26.2895 3.07895 0 0 0
1 5.65789 26.2895 3.07895 0 0 0
1 8.23684 26.2895 3.07895 0 0 0
1 10.8158 26.2895 3.07895 0 0 0
1 13.3947 26.2895 3.07895 0 0 0
1 15.9737 26.2895 3.07895 0 0 0
1 18.5526 26.2895 3.07895 0 0 0
1 21.1316 26.2895 3.07895 0 0 0
1 23.7105 26.2895 3.07895 0 0 0
1 26.2895 26.2895 3.07895 0 0 0
1 28.8684 26.2895 3.07895 0 0 0
1 31.4474 26.2895 3.07895 0 0 0
1 34.0263 26.2895 3.07895 0 0 0
1 36.6053 26.2895 3.07895 0 0 0
1 39.1842 26.2895 3.07895 0 0 0
1 41.7632 26.2895 3.07895 0 0 0
1 44.3421 26.2895 3.07895 0 0 0
1 46.9211 26.2895 3.07895 0 0 0
1 49.5 26.2895 3.07895 0 0 0
1 0.5 28.8684 3.07895 0 0 0
1 3.07895 28.8684 3.07895 0 0 0
1 5.65789 28.8684 3.07895 0 0 0
1 8.23684 28.8684 3.07895 0 0 0
1 10.8158 28.8684 3.07895 0 0 0
1 13.3947 28.8684 3.07895 0 0 0
1 15.9737 28.8684 3.07895 0 0 0
1 18.5526 28.8684 3.07895 0 0 0
1 21.1316 28.8684 3.07895 0 0 0
1 23.7105 28.8684 3.07895 0 0 0
1 26.2895 28.8684 3.07895 0 0 0
1 28.8684 28.8684 3.07895 0 0 0
1 31.4474 28.8684 3.07895 0 0 0
1 34.0263 28.8684 3.07895 0 0 0
1 36.6053 28.8684 3.07895 0 0 0
1 39.1842 28.8684 3.07895 0 0 0
1 41.7632 28.8684 3.07895 0 0 0
1 44.3421 28.8684 3.07895 0 0 0
1 46.9211 28.8684 3.07895 0 0 0
1 49.5 28.8684 3.07895 0 0 0
1 0.5 31.4474 3.07895 0 0 0
1 3.07895 31.4474 3.07895 0 0 0
1 5.65789 31.4474 3.07895 0 0 0
1 8.23684 31.4474 3.07895 0 0 0
1 10.8158 31.4474 3.07895 0 0 0
1 13.3947 31.4474 3.07895 0 0 0
1 15.9737 31.4474 3.07895 0 0 0
1 18.5526 31.4474 3.07895 0 0 0
1 21.1316 31.4474 3.07895 0 0 0
1 23.7105 31.4474 3.07895 0 0 0
1 26.2895 31.4474 3.07895 0 0 0
1 28.8684 31.4474 3.07895 0 0 0
1 31.4474 31.4474 3.07895 0 0 0
1 34.0263 31.4474 3.07895 0 0 0
1 36.6053 31.4474 3.07895 0 0 0
1 39.1842 31.4474 3.07895 0 0 0
1 41.7632 31.4474 3.07895 0 0 0
1 44.3421 31.4474 3.07895 0 0 0
1 46.9211 31.4474 3.07895 0 0 0
1 49.5 31.4474 3.07895 0 0 0
1 0.5 34.0263 3.07895 0 0 0
1 3.07895 34.0263 3.07895 0 0 0
1 5.65789 34.0263 3.07895 0 0 0
1 8.23684 34.0263 3.07895 0 0 0
1 10.8158 34.0263 3.07895 0 0 0
1 13.3947 34.0263 3.07895 0 0 0
1 15.9737 34.0263 3.07895 0 0 0
1 18.5526 34.0263 3.07895 0 0 0
1 21.1316 34.0263 3.07895 0 0 0
1 23.7105 34.0263 3.07895 0 0 0
1 26.2895 34.0263 3.07895 0 0 0
1 28.8684 34.0263 3.07895 0 0 0
1 31.4474 34.0263 3.07895 0 0 0
1 34.0263 34.0263 3.07895 0 0 0
1 36.6053 34.0263 3.07895 0 0 0
1 39.1842 34.0263 3.07895 0 0 0
1 41.7632 34.0263 3.07895 0 0 0
1 44.3421 34.0263 3.07895 0 0 0
1 46.9211 34.0263 3.07895 0 0 0
1 49.5 34.0263 3.07895 0 0 0
1 0.5 36.6053 3.07895 0 0 0
1 3.07895 36.6053 3.07895 0 0 0
1 5.65789 36.6053 3.07895 0 0 0
1 8.23684 36.6053 3.07895 0 0 0
1 10.8158 36.6053 3.07895 0 0 0
1 13.3947 36.6053 3.07895 0 0 0
1 15.9737 36.6053 3.07895 0 0 0
1 18.5526 36.6053 3.07895 0 0 0
1 21.1316 36.6053 3.07895 0 0 0
1 23.7105 36.6053 3.07895 0 0 0
1 26.2895 36.6053 3.07895 0 0 0
1 28.8684 36.6053 3.07895 0 0 0
1 31.4474 36.6053 3.07895 0 0 0
1 34.0263 36.6053 3.07895 0 0 0
1 36.6053 36.6053 3.07895 0 0 0
1 39.1842 36.6053 3.07895 0 0 0
1 41.7632 36.6053 3.07895 0 0 0
1 44.3421 36.6053 3.07895 0 0 0
1 46.9211 36.6053 3.07895 0 0 0
1 49.5 36.6053 3.07895 0 0 0
1 0.5 39.1842 3.07895 0 0 0
1 3.07895 39.1842 3.07895 0 0 0
1 5.65789 39.1842 3.07895 0 0 0
1 8.23684 39.1842 3.07895 0 0 0
1 10.8158 39.1842 3.07895 0 0 0
1 13.3947 39.1842 3.07895 0 0 0
1 15.9737 39.1842 3.07895 0 0 0
1 18.5526 39.1842 3.07895 0 0 0
1 21.1316 39.1842 3.07895 0 0 0
1 23.7105 39.1842 3.07895 0 0 0
1 26.2895 39.1842 3.07895 0 0 0
1 28.8684 39.1842 3.07895 0 0 0
1 31.4474 39.1842 3.07895 0 0 0
1 34.0263 39.1842 3.07895 0 0 0
1 36.6053 39.1842 3.07895 0 0 0
1 39.1842 39.1842 3.07895 0 0 0
1 41.7632 39.1842 3.07895 0 0 0
1 44.3421 39.1842 3.07895 0 0 0
1 46.9211 39.1842 3.07895 0 0 0
1 49.5 39.1842 3.07895 0 0 0
1 0.5 41.7632 3.07895 0 0 0
1 3.07895 41.7632 3.07895 0 0 0
1 5.65789 41.7632 3.07895 0 0 0
1 8.23684 41.7632 3.07895 0 0 0
1 10.8158 41.7632 3.07895 0 0 0
1 13.3947 41.7632 3.07895 0 0 0
1 15.9737 41.7632 3.07895 0 0 0
1 18.5526 41.7632 3.07895 0 0 0
1 21.1316 41.7632 3.07895 0 0 0
1 23.7105 41.7632 3.07895 0 0 0
1 26.2895 41.7632 3.07895 0 0 0
1 28.8684 41.7632 3.07895 0 0 0
1 31.4474 41.7632 3.07895 0 0 0
1 34.0263 41.7632 3.07895 0 0 0
1 36.6053 41.7632 3.07895 0 0 0
1 39.1842 41.7632 3.07895 0 0 0
1 41.7632 41.7632 3.07895 0 0 0
1 44.3421 41.7632 3.07895 0 0 0
1 46.9211 41.7632 3.07895 0 0 0
1 49.5 41.7632 3.07895 0 0 0
1 0.5 44.3421 3.07895 0 0 0
1 3.07895 44.3421 3.07895 0 0 0
1 5.65789 44.3421 3.07895 0 0 0
1 8.23684 44.3421 3.07895 0 0 0
1 10.8158 44.3421 3.07895 0 0 0
1 13.3947 44.3421 3.07895 0 0 0
1 15.9737 44.3421 3.07895 0 0 0
1 18.5526 44.3421 3.07895 0 0 0
1 21.1316 44.3421 3.07895 0 0 0
1 23.7105 44.3421 3.07895 0 0 0
1 26.2895 44.3421 3.07895 0 0 0
1 28.8684 44.3421 3.07895 0 0 0
1 31.4474 44.3421 3.07895 0 0 0
1 34.0263 44.3421 3.07895 0 0 0
1 36.6053 44.3421 3.07895 0 0 0
1 39.1842 44.3421 3.07895 0 0 0
1 41.7632 44.3421 3.07895 0 0 0
1 44.3421 44.3421 3.07895 0 0 0
1 46.9211 44.3421 3.07895 0 0 0
1 49.5 44.3421 3.07895 0 0 0
1 0.5 46.9211 3.07895 0 0 0
1 3.07895 46.9211 3.07895 0 0 0
1 5.65789 46.9211 3.07895 0 0 0
1 8.23684 46.9211 3.07895 0 0 0
1 10.8158 46.9211 3.07895 0 0 0
1 13.3947 46.9211 3.07895 0 0 0
1 15.9737 46.9211 3.07895 0 0 0
1 18.5526 46.9211 3.07895 0 0 0
1 21.1316 46.9211 3.07895 0 0 0
1 23.7105 46.9211 3.07895 0 0 0
1 26.2895 46.9211 3.07895 0 0 0
1 28.8684 46.9211 3.07895 0 0 0
1 31.4474 46.9211 3.07895 0 0 0
1 34.0263 46.9211 3.07895 0 0 0
1 36.6053 46.9211 3.07895 0 0 0
1 39.1842 46.9211 3.07895 0 0 0
1 41.7632 46.9211 3.07895 0 0 0
1 44.3421 46.9211 3.07895 0 0 0
1 46.9211 46.9211 3.07895 0 0 0
1 49.5 46.9211 3.07895 0 0 0
1 0.5 49.5 3.07895 0 0 0
1 3.07895 49.5 3.07895 0 0 0
1 5.65789 49.5 3.07895 0 0 0
1 8.23684 49.5 3.07895 0 0 0
1 10.8158 49.5 3.07895 0 0 0
1 13.3947 49.5 3.07895 0 0 0
1 15.9737 49.5 3.07895 0 0 0
1 18.5526 49.5 3.07895 0 0 0
1 21.1316 49.5 3.07895 0 0 0
1 23.7105 49.5 3.07895 0 0 0
1 26.2895 49.5 3.07895 0 0 0
1 28.8684 49.5 3.07895 0 0 0
1 31.4474 49.5 3.07895 0 0 0
1 34.0263 49.5 3.07895 0 0 0
1 36.6053 49.5 3.07895 0 0 0
1 39.1842 49.5 3.07895 0 0 0
1 41.7632 49.5 3.07895 0 0 0
1 44.3421 49.5 3.07895 0 0 0
1 46.9211 49.5 3.07895 0 0 0
1 49.5 49.5 3.07895 0 0 0
1 0.5 0.5 5.65789 0 0 0
1 3.07895 0.5 5.65789 0 0 0
1 5.65789 0.5 5.65789 0 0 0
1 8.23684 0.5 5.65789 0 0 0
1 10.8158 0.5 5.65789 0 0 0
1 13.3947 0.5 5.65789 0 0 0
1 15.9737 0.5 5.65789 0 0 0
1 18.5526 0.5 5.65789 0 0 0
1 21.1316 0.5 5.65789 0 0 0
1 23.7105 0.5 5.65789 0 0 0
1 26.2895 0.5 5.65789 0 0 0
1 28.8684 0.5 5.65789 0 0 0
1 31.4474 0.5 5.65789 0 0 0
1 34.0263 0.5 5.65789 0 0 0
1 36.6053 0.5 5.65789 0 0 0
1 39.1842 0.5 5.65789 0 0 0
1 41.7632 0.5 5.65789 0 0 0
1 44.3421 0.5 5.65789 0 0 0
1 46.9211 0.5 5.65789 0 0 0
1 49.5 0.5 5.65789 0 0 0
1 0.5 3.07895 5.65789 0 0 0
1 3.07895 3.07895 5.65789 0 0 0
1 5.65789 3.07895 5.65789 0 0 0
1 8.23684 3.07895 5.65789 0 0 0
1 10.8158 3.07895 5.65789 0 0 0
1 13.3947 3.07895 5.65789 0 0 0
1 15.9737 3.07895 5.65789 0 0 0
1 18.5526 3.07895 5.65789 0 0 0
1 21.1316 3.07895 5.65789 0 0 0
1 23.7105 3.07895 5.65789 0 0 0
1 26.2895 3.07895 5.65789 0 0 0
1 28.8684 3.07895 5.65789 0 0 0
1 31.4474 3.07895 5.65789 0 0 0
1 34.0263 3.07895 5.65789 0 0 0
1 36.6053 3.07895 5.65789 0 0 0
1 39.1842 3.07895 5.65789 0 0 0
1 41.7632 3.07895 5.65789 0 0 0
1 44.3421 3.07895 5.65789 0 0 0
1 46.9211 3.07895 5.65789 0 0 0
1 49.5 3.07895 5.65789 0 0 0
1 0.5 5.65789 5.65789 0 0 0
1 3.07895 5.65789 5.65789 0 0 0
1 5.65789 5.65789 5.65789 0 0 0
1 8.23684 5.65789 5.65789 0 0 0
1 10.8158 5.65789 5.65789 0 0 0
1 13.3947 5.65789 5.65789 0 0 0
1 15.9737 5.65789 5.65789 0 0 0
1 18.5526 5.65789 5.65789 0 0 0
1 21.1316 5.65789 5.65789 0 0 0
1 23.7105 5.65789 5.65789 0 0 0
1 26.2895 5.65789 5.65789 0 0 0
1 28.8684 5.65789 5.65789 0 0 0
1 31.4474 5.65789 5.65789 0 0 0
1 34.0263 5.65789 5.65789 0 0 0
1 36.6053 5.65789 5.65789 0 0 0
1 39.1842 5.65789 5.65789 0 0 0
1 41.7632 5.65789 5.65789 0 0 0
1 44.3421 5.65789 5.65789 0 0 0
1 46.9211 5.65789 5.65789 0 0 0
1 49.5 5.65789 5.65789 0 0 0
1 0.5 8.23684 5.65789 0 0 0
1 3.07895 8.23684 5.65789 0 0 0
1 5.65789 8.23684 5.65789 0 0 0
1 8.23684 8.23684 5.65789 0 0 0
1 10.8158 8.23684 5.65789 0 0 0
1 13.3947 8.23684 5.65789 0 0 0
1 15.9737 8.23684 5.65789 0 0 0
1 18.5526 8.23684 5.65789 0 0 0
1 21.1316 8.23684 5.65789 0 0 0
1 23.7105 8.23684 5.65789 0 0 0
1 26.2895 8.23684 5.65789 0 0 0
1 28.8684 8.23684 5.65789 0 0 0
1 31.4474 8.23684 5.65789 0 0 0
1 34.0263 8.23684 5.65789 0 0 0
1 36.6053 8.23684 5.65789 0 0 0
1 39.1842 8.23684 5.65789 0 0 0
1 41.7632 8.23684 5.65789 0 0 0
1 44.3421 8.23684 5.65789 0 0 0
1 46.9211 8.23684 5.65789 0 0 0
1 49.5 8.23684 5.65789 0 0 0
1 0.5 10.8158 5.65789 0 0 0
1 3.07895 10.8158 5.65789 0 0 0
1 5.65789 10.8158 5.65789 0 0 0
1 8.23684 10.8158 5.65789 0 0 0
1 10.8158 10.8158 5.65789 0 0 0
1 13.3947 10.8158 5.65789 0 0 0
1 15.9737 10.8158 5.65789 0 0 0
1 18.5526 10.8158 5.65789 0 0 0
1 21.1316 10.8158 5.65789 0 0 0
1 23.7105 10.8158 5.65789 0 0 0
1 26.2895 10.8158 5.65789 0 0 0
1 28.8684 10.8158 5.65789 0 0 0
1 31.4474 10.8158 5.65789 0 0 0
1 34.0263 10.8158 5.65789 0 0 0
1 36.6053 10.8158 5.65789 0 0 0
1 39.1842 10.8158 5.65789 0 0 0
1 41.7632 10.8158 5.65789 0 0 0
1 44.3421 10.8158 5.65789 0 0 0
1 46.9211 10.8158 5.65789 0 0 0
1 49.5 10.8158 5.65789 0 0 0
1 0.5 13.3947 5.65789 0 0 0
1 3.07895 13.3947 5.65789 0 0 0
1 5.65789 13.3947 5.65789 0 0 0
1 8.23684 13.3947 5.65789 0 0 0
1 10.8158 13.3947 5.65789 0 0 0
1 13.3947 13.3947 5.65789 0 0 0
1 15.9737 13.3947 5.65789 0 0 0
1 18.5526 13.3947 5.65789 0 0 0
1 21.1316 13.3947 5.65789 0 0 0
1 23.7105 13.3947 5.65789 0 0 0
1 26.2895 13.3947 5.65789 0 0 0
1 28.8684 13.3947 5.65789 0 0 0
1 31.4474 13.3947 5.65789 0 0 0
1 34.0263 13.3947 5.65789 0 0 0
1 36.6053 13.3947 5.65789 0 0 0
1 39.1842 13.3947 5.65789 0 0 0
1 41.7632 13.3947 5.65789 0 0 0
1 44.3421 13.3947 5.65789 0 0 0
1 46.9211 13.3947 5.65789 0 0 0
1 49.5 13.3947 5.65789 0 0 0
1 0.5 15.9737 5.65789 0 0 0
1 3.07895 15.9737 5.65789 0 0 0
1 5.65789 15.9737 5.65789 0 0 0
1 8.23684 15.9737 5.65789 0 0 0
1 10.8158 15.9737 5.65789 0 0 0
1 13.3947 15.9737 5.65789 0 0 0
1 15.9737 15.9737 5.65789 0 0 0
1 18.5526 15.9737 5.65789 0 0 0
1 21.1316 15.9737 5.65789 0 0 0
1 23.7105 15.9737 5.65789 0 0 0
1 26.2895 15.9737 5.65789 0 0 0
1 28.8684 15.9737 5.65789 0 0 0
1 31.4474 15.9737 5.65789 0 0 0
1 34.0263 15.9737 5.65789 0 0 0
1 36.6053 15.9737 5.65789 0 0 0
1 39.1842 15.9737 5.65789 0 0 0
1 41.7632 15.9737 5.65789 0 0 0
1 44.3421 15.9737 5.65789 0 0 0
1 46.9211 15.9737 5.65789 0 0 0
1 49.5 15.9737 5.65789 0 0 0
1 0.5 18.5526 5.65789 0 0 0
1 3.07895 18.5526 5.65789 0 0 0
1 5.65789 18.5526 5.65789 0 0 0
1 8.23684 18.5526 5.65789 0 0 0
1 10.8158 18.5526 5.65789 0 0 0
1 13.3947 18.5526 5.65789 0 0 0
1 15.9737 18.5526 5.65789 0 0 0
1 18.5526 18.5526 5.65789 0 0 0
1 21.1316 18.5526 5.65789 0 0 0
1 23.7105 18.5526 5.65789 0 0 0
1 26.2895 18.5526 5.65789 0 0 0
1 28.8684 18.5526 5.65789 0 0 0
1 31.4474 18.5526 5.65789 0 0 0
1 34.0263 18.5526 5.65789 0 0 0
1 36.6053 18.5526 5.65789 0 0 0
1 39.1842 18.5526 5.65789 0 0 0
1 41.7632 18.5526 5.65789 0 0 0
1 44.3421 18.5526 5.65789 0 0 0
1 46.9211 18.5526 5.65789 0 0 0
1 49.5 18.5526 5.65789 0 0 0
1 0.5 21.1316 5.65789 0 0 0
1 3.07895 21.1316 5.65789 0 0 0
1 5.65789 21.1316 5.65789 0 0 0
1 8.23684 21.1316 5.65789 0 0 0
1 10.8158 21.1316 5.65789 0 0 0
1 13.3947 21.1316 5.65789 0 0 0
1 15.9737 21.1316 5.65789 0 0 0
1 18.5526 21.1316 5.65789 0 0 0
1 21.1316 21.1316 5.65789 0 0 0
1 23.7105 21.1316 5.65789 0 0 0
1 26.2895 21.1316 5.65789 0 0 0
1 28.8684 21.1316 5.65789 0 0 0
1 31.4474 21.1316 5.65789 0 0 0
1 34.0263 21.1316 5.65789 0 0 0
1 36.6053 21.1316 5.65789 0 0 0
1 39.1842 21.1316 5.65789 0 0 0
1 41.7632 21.1316 5.65789 0 0 0
1 44.3421 21.1316 5.65789 0 0 0
1 46.9211 21.1316 5.65789 0 0 0
1 49.5 21.1316 5.65789 0 0 0
1 0.5 23.7105 5.65789 0 0 0
1 3.07895 23.7105 5.65789 0 0 0
1 5.65789 23.7105 5.65789 0 0 0
1 8.23684 23.7105 5.65789 0 0 0
1 10.8158 23.7105 5.65789 0 0 0
1 13.3947 23.7105 5.65789 0 0 0
1 15.9737 23.7105 5.65789 0 0 0
1 18.5526 23.7105 5.65789 0 0 0
1 21.1316 23.7105 5.65789 0 0 0
1 23.7105 23.7105 5.65789 0 0 0
1 26.2895 23.7105 5.65789 0 0 0
1 28.8684 23.7105 5.65789 0 0 0
1 31.4474 23.7105 5.65789 0 0 0
1 34.0263 23.7105 5.65789 0 0 0
1 36.6053 23.7105 5.65789 0 0 0
1 39.1842 23.7105 5.65789 0 0 0
1 41.7632 23.7105 5.65789 0 0 0
1 44.3421 23.7105 5.65789 0 0 0
1 46.9211 23.7105 5.65789 0 0 0
1 49.5 23.7105 5.65789 0 0 0
1 0.5 26.2895 5.65789 0 0 0
1 3.07895 26.2895 5.65789 0 0 0
1 5.65789 26.2895 5.65789 0 0 0
1 8.23684 26.2895 5.65789 0 0 0
1 10.8158 26.2895 5.65789 0 0 0
1 13.3947 26.2895 5.65789 0 0 0
1 15.9737 26.2895 5.65789 0 0 0
1 18.5526 26.2895 5.65789 0 0 0
1 21.1316 26.2895 5.65789 0 0 0
1 23.7105 26.2895 5.65789 0 0 0
1 26.2895 26.2895 5.65789 0 0 0
1 28.8684 26.2895 5.65789 0 0 0
1 31.4474 26.2895 5.65789 0 0 0
1 34.0263 26.2895 5.65789 0 0 0
1 36.6053 26.2895 5.65789 0 0 0
1 39.1842 26.2895 5.65789 0 0 0
1 41.7632 26.2895 5.65789 0 0 0
1 44.3421 26.2895 5.65789 0 0 0
1 46.9211 26.2895 5.65789 0 0 0
1 49.5 26.2895 5.65789 0 0 0
1 0.5 28.8684 5.65789 0 0 0
1 3.07895 28.8684 5.65789 0 0 0
1 5.65789 28.8684 5.65789 0 0 0
1 8.23684 28.8684 5.65789 0 0 0
1 10.8158 28.8684 5.65789 0 0 0
1 13.3947 28.8684 5.65789 0 0 0
1 15.9737 28.8684 5.65789 0 0 0
1 18.5526 28.8684 5.65789 0 0 0
1 21.1316 28.8684 5.65789 0 0 0
1 23.7105 28.8684 5.65789 0 0 0
1 26.2895 28.8684 5.65789 0 0 0
1 28.8684 28.8684 5.65789 0 0 0
1 31.4474 28.8684 5.65789 0 0 0
1 34.0263 28.8684 5.65789 0 0 0
1 36.6053 28.8684 5.65789 0 0 0
1 39.1842 28.8684 5.65789 0 0 0
1 41.7632 28.8684 5.65789 0 0 0
1 44.3421 28.8684 5.65789 0 0 0
1 46.9211 28.8684 5.65789 0 0 0
1 49.5 28.8684 5.65789 0 0 0
1 0.5 31.4474 5.65789 0 0 0
1 3.07895 31.4474 5.65789 0 0 0
1 5.65789 31.4474 5.65789 0 0 0
1 8.23684 31.4474 5.65789 0 0 0
1 10.8158 31.4474 5.65789 0 0 0
1 13.3947 31.4474 5.65789 0 0 0
1 15.9737 31.4474 5.65789 0 0 0
1 18.5526 31.4474 5.65789 0 0 0
1 21.1316 31.4474 5.65789 0 0 0
1 23.7105 31.4474 5.65789 0 0 0
1 26.2895 31.4474 5.65789 0 0 0
1 28.8684 31.4474 5.65789 0 0 0
1 31.4474 31.4474 5.65789 0 0 0
1 34.0263 31.4474 5.65789 0 0 0
1 36.6053 31.4474 5.65789 0 0 0
1 39.1842 31.4474 5.65789 0 0 0
1 41.7632 31.4474 5.65789 0 0 0
1 44.3421 31.4474 5.65789 0 0 0
1 46.9211 31.4474 5.65789 0 0 0
1 49.5 31.4474 5.65789 0 0 0
1 0.5 34.0263 5.65789 0 0 0
1 3.07895 34.0263 5.65789 0 0 0
1 5.65789 34.0263 5.65789 0 0 0
1 8.23684 34.0263 5.65789 0 0 0
1 10.8158 34.0263 5.65789 0 0 0
1 13.3947 34.0263 5.65789 0 0 0
1 15.9737 34.0263 5.65789 0 0 0
1 18.5526 34.0263 5.65789 0 0 0
1 21.1316 34.0263 5.65789 0 0 0
1 23.7105 34.0263 5.65789 0 0 0
1 26.2895 34.0263 5.65789 0 0 0
1 28.8684 34.0263 5.65789 0 0 0
1 31.4474 34.0263 5.65789 0 0 0
1 34.0263 34.0263 5.65789 0 0 0
1 36.6053 34.0263 5.65789 0 0 0
1 39.1842 34.0263 5.65789 0 0 0
1 41.7632 34.0263 5.65789 0 0 0
1 44.3421 34.0263 5.65789 0 0 0
1 46.9211 34.0263 5.65789 0 0 0
1 49.5 34.0263 5.65789 0 0 0
1 0.5 36.6053 5.65789 0 0 0
1 3.07895 36.6053 5.65789 0 0 0
1 5.65789 36.6053 5.65789 0 0 0
1 8.23684 36.6053 5.65789 0 0 0
1 10.8158 36.6053 5.65789 0 0 0
1 13.3947 36.6053 5.65789 0 0 0
1 15.9737 36.6053 5.65789 0 0 0
1 18.5526 36.6053 5.65789 0 0 0
1 21.1316 36.6053 5.65789 0 0 0
1 23.7105 36.6053 5.65789 0 0 0
1 26.2895 36.6053 5.65789 0 0 0
1 28.8684 36.6053 5.65789 0 0 0
1 31.4474 36.6053 5.65789 0 0 0
1 34.0263 36.6053 5.65789 0 0 0
1 36.6053 36.6053 5.65789 0 0 0
1 39.1842 36.6053 5.65789 0 0 0
1 41.7632 36.6053 5.65789 0 0 0
1 44.3421 36.6053 5.65789 0 0 0
1 46.9211 36.6053 5.65789 0 0 0
1 49.5 36.6053 5.65789 0 0 0
1 0.5 39.1842 5.65789 0 0 0
1 3.07895 39.1842 5.65789 0 0 0
1 5.65789 39.1842 5.65789 0 0 0
1 8.23684 39.1842 5.65789 0 0 0
1 10.8158 39.1842 5.65789 0 0 0
1 13.3947 39.1842 5.65789 0 0 0
1 15.9737 39.1842 5.65789 0 0 0
1 18.5526 39.1842 5.65789 0 0 0
1 21.1316 39.1842 5.65789 0 0 0
1 23.7105 39.1842 5.65789 0 0 0
1 26.2895 39.1842 5.65789 0 0 0
1 28.8684 39.1842 5.65789 0 0 0
1 31.4474 39.1842 5.65789 0 0 0
1 34.0263 39.1842 5.65789 0 0 0
1 36.6053 39.1842 5.65789 0 0 0
1 39.1842 39.1842 5.65789 0 0 0
1 41.7632 39.1842 5.65789 0 0 0
1 44.3421 39.1842 5.65789 0 0 0
1 46.9211 39.1842 5.65789 0 0 0
1 49.5 39.1842 5.65789 0 0 0
1 0.5 41.7632 5.65789 0 0 0
1 3.07895 41.7632 5.65789 0 0 0
1 5.65789 41.7632 5.65789 0 0 0
1 8.23684 41.7632 5.65789 0 0 0
1 10.8158 41.7632 5.65789 0 0 0
1 13.3947 41.7632 5.65789 0 0 0
1 15.9737 41.7632 5.65789 0 0 0
1 18.5526 41.7632 5.65789 0 0 0
1 21.1316 41.7632 5.65789 0 0 0
1 23.7105 41.7632 5.65789 0 0 0
1 26.2895 41.7632 5.65789 0 0 0
1 28.8684 41.7632 5.65789 0 0 0
1 31.4474 41.7632 5.65789 0 0 0
1 34.0263 41.7632 5.65789 0 0 0
1 36.6053 41.7632 5.65789 0 0 0
1 39.1842 41.7632 5.65789 0 0 0
1 41.7632 41.7632 5.65789 0 0 0
1 44.3421 41.7632 5.65789 0 0 0
1 46.9211 41.7632 5.65789 0 0 0
1 49.5 41.7632 5.65789 0 0 0
1 0.5 44.3421 5.65789 0 0 0
1 3.07895 44.3421 5.65789 0 0 0
1 5.65789 44.3421 5.65789 0 0 0
1 8.23684 44.3421 5.65789 0 0 0
1 10.8158 44.3421 5.65789 0 0 0
1 13.3947 44.3421 5.65789 0 0 0
1 15.9737 44.3421 5.65789 0 0 0
1 18.5526 44.3421 5.65789 0 0 0
1 21.1316 44.3421 5.65789 0 0 0
1 23.7105 44.3421 5.65789 0 0 0
1 26.2895 44.3421 5.65789 0 0 0
1 28.8684 44.3421 5.65789 0 0 0
1 31.4474 44.3421 5.65789 0 0 0
1 34.0263 44.3421 5.65789 0 0 0
1 36.6053 44.3421 5.65789 0 0 0
1 39.1842 44.3421 5.65789 0 0 0
1 41.7632 44.3421 5.65789 0 0 0
1 44.3421 44.3421 5.65789 0 0 0
1 46.9211 44.3421 5.65789 0 0 0
1 49.5 44.3421 5.65789 0 0 0
1 0.5 46.9211 5.65789 0 0 0
1 3.07895 46.9211 5.65789 0 0 0
1 5.65789 46.9211 5.65789 0 0 0
1 8.23684 46.9211 5.65789 0 0 0
1 10.8158 46.9211 5.65789 0 0 0
1 13.3947 46.9211 5.65789 0 0 0
1 15.9737 46.9211 5.65789 0 0 0
1 18.5526 46.9211 5.65789 0 0 0
1 21.1316 46.9211 5.65789 0 0 0
1 23.7105 46.9211 5.65789 0 0 0
1 26.2895 46.9211 5.65789 0 0 0
1 28.8684 46.9211 5.65789 0 0 0
1 31.4474 46.9211 5.65789 0 0 0
1 34.0263 46.9211 5.65789 0 0 0
1 36.6053 46.9211 5.65789 0 0 0
1 39.1842 46.9211 5.65789 0 0 0
1 41.7632 46.9211 5.65789 0 0 0
1 44.3421 46.9211 5.65789 0 0 0
1 46.9211 46.9211 5.65789 0 0 0
1 49.5 46.9211 5.65789 0 0 0
1 0.5 49.5 5.65789 0 0 0
1 3.07895 49.5 5.65789 0 0 0
1 5.65789 49.5 5.65789 0 0 0
1 8.23684 49.5 5.65789 0 0 0
1 10.8158 49.5 5.65789 0 0 0
1 13.3947 49.5 5.65789 0 0 0
1 15.9737 49.5 5.65789 0 0 0
1 18.5526 49.5 5.65789 0 0 0
1 21.1316 49.5 5.65789 0 0 0
1 23.7105 49.5 5.65789 0 0 0
1 26.2895 49.5 5.65789 0 0 0
1 28.8684 49.5 5.65789 0 0 0
1 31.4474 49.5 5.65789 0 0 0
1 34.0263 49.5 5.65789 0 0 0
1 36.6053 49.5 5.65789 0 0 0
1 39.1842 49.5 5.65789 0 0 0
1 41.7632 49.5 5.65789 0 0 0
1 44.3421 49.5 5.65789 0 0 0
1 46.9211 49.5 5.65789 0 0 0
1 49.5 49.5 5.65789 0 0 0
1 0.5 0.5 8.23684 0 0 0
1 3.07895 0.5 8.23684 0 0 0
1 5.65789 0.5 8.23684 0 0 0
1 8.23684 0.5 8.23684 0 0 0
1 10.8158 0.5 8.23684 0 0 0
1 13.3947 0.5 8.23684 0 0 0
1 15.9737 0.5 8.23684 0 0 0
1 18.5526 0.5 8.23684 0 0 0
1 21.1316 0.5 8.23684 0 0 0
1 23.7105 0.5 8.23684 0 0 0
1 26.2895 0.5 8.23684 0 0 0
1 28.8684 0.5 8.23684 0 0 0
1 31.4474 0.5 8.23684 0 0 0
1 34.0263 0.5 8.23684 0 0 0
1 36.6053 0.5 8.23684 0 0 0
1 39.1842 0.5 8.23684 0 0 0
1 41.7632 0.5 8.23684 0 0 0
1 44.3421 0.5 8.23684 0 0 0
1 46.9211 0.5 8.23684 0 0 0
1 49.5 0.5 8.23684 0 0 0
1 0.5 3.07895 8.23684 0 0 0
1 3.07895 3.07895 8.23684 0 0 0
1 5.65789 3.07895 8.23684 0 0 0
1 8.23684 3.07895 8.23684 0 0 0
1 10.8158 3.07895 8.23684 0 0 0
1 13.3947 3.07895 8.23684 0 0 0
1 15.9737 3.07895 8.23684 0 0 0
1 18.5526 3.07895 8.23684 0 0 0
1 21.1316 3.07895 8.23684 0 0 0
1 23.7105 3.07895 8.23684 0 0 0
1 26.2895 3.07895 8.23684 0 0 0
1 28.8684 3.07895 8.23684 0 0 0
1 31.4474 3.07895 8.23684 0 0 0
1 34.0263 3.07895 8.23684 0 0 0
1 36.6053 3.07895 8.23684 0 0 0
1 39.1842 3.07895 8.23684 0 0 0
1 41.7632 3.07895 8.23684 0 0 0
1 44.3421 3.07895 8.23684 0 0 0
1 46.9211 3.07895 8.23684 0 0 0
1 49.5 3.07895 8.23684 0 0 0
1 0.5 5.65789 8.23684 0 0 0
1 3.07895 5.65789 8.23684 0 0 0
1 5.65789 5.65789 8.23684 0 0 0
1 8.23684 5.65789 8.23684 0 0 0
1 10.8158 5.65789 8.23684 0 0 0
1 13.3947 5.65789 8.23684 0 0 0
1 15.9737 5.65789 8.23684 0 0 0
1 18.5526 5.65789 8.23684 0 0 0
1 21.1316 5.65789 8.23684 0 0 0
1 23.7105 5.65789 8.23684 0 0 0
1 26.2895 5.65789 8.23684 0 0 0
1 28.8684 5.65789 8.23684 0 0 0
1 31.4474 5.65789 8.23684 0 0 0
1 34.0263 5.65789 8.23684 0 0 0
1 36.6053 5.65789 8.23684 0 0 0
1 39.1842 5.65789 8.23684 0 0 0
1 41.7632 5.65789 8.23684 0 0 0
1 44.3421 5.65789 8.23684 0 0 0
1 46.9211 5.65789 8.23684 0 0 0
1 49.5 5.65789 8.23684 0 0 0
1 0.5 8.23684 8.23684 0 0 0
1 3.07895 8.23684 8.23684 0 0 0
1 5.65789 8.23684 8.23684 0 0 0
1 8.23684 8.23684 8.23684 0 0 0
1 10.8158 8.23684 8.23684 0 0 0
1 13.3947 8.23684 8.23684 0 0 0
1 15.9737 8.23684 8.23684 0 0 0
1 18.5526 8.23684 8.23684 0 0 0
1 21.1316 8.23684 8.23684 0 0 0
1 23.7105 8.23684 8.23684 0 0 0
1 26.2895 8.23684 8.23684 0 0 0
1 28.8684 8.23684 8.23684 0 0 0
1 31.4474 8.23684 8.23684 0 0 0
1 34.0263 8.23684 8.23684 0 0 0
1 36.6053 8.23684 8.23684 0 0 0
1 39.1842 8.23684 8.23684 0 0 0
1 41.7632 8.23684 8.23684 0 0 0
1 44.3421 8.23684 8.23684 0 0 0
1 46.9211 8.23684 8.23684 0 0 0
1 49.5 8.23684 8.23684 0 0 0
1 0.5 10.8158 8.23684 0 0 0
1 3.07895 10.8158 8.23684 0 0 0
1 5.65789 10.8158 8.23684 0 0 0
1 8.23684 10.8158 8.23684 0 0 0
1 10.8158 10.8158 8.23684 0 0 0
1 13.3947 10.8158 8.23684 0 0 0
1 15.9737 10.8158 8.23684 0 0 0
1 18.5526 10.8158 8.23684 0 0 0
1 21.1316 10.8158 8.23684 0 0 0
1 23.7105 10.8158 8.23684 0 0 0
1 26.2895 10.8158 8.23684 0 0 0
1 28.8684 10.8158 8.23684 0 0 0
1 31.4474 10.8158 8.23684 0 0 0
1 34.0263 10.8158 8.23684 0 0 0
1 36.6053 10.8158 8.23684 0 0 0
1 39.1842 10.8158 8.23684 0 0 0
1 41.7632 10.8158 8.23684 0 0 0
1 44.3421 10.8158 8.23684 0 0 0
1 46.9211 10.8158 8.23684 0 0 0
1 49.5 10.8158 8.23684 0 0 0
1 0.5 13.3947 8.23684 0 0 0
1 3.07895 13.3947 8.23684 0 0 0
1 5.65789 13.3947 8.23684 0 0 0
1 8.23684 13.3947 8.23684 0 0 0
1 10.8158 13.3947 8.23684 0 0 0
1 13.3947 13.3947 8.23684 0 0 0
1 15.9737 13.3947 8.23684 0 0 0
1 18.5526 13.3947 8.23684 0 0 0
1 21.1316 13.3947 8.23684 0 0 0
1 23.7105 13.3947 8.23684 0 0 0
1 26.2895 13.3947 8.23684 0 0 0
1 28.8684 13.3947 8.23684 0 0 0
1 31.4474 13.3947 8.23684 0 0 0
1 34.0263 13.3947 8.23684 0 0 0
1 36.6053 13.3947 8.23684 0 0 0
1 39.1842 13.3947 8.23684 0 0 0
1 41.7632 13.3947 8.23684 0 0 0
1 44.3421 13.3947 8.23684 0 0 0
1 46.9211 13.3947 8.23684 0 0 0
1 49.5 13.3947 8.23684 0 0 0
1 0.5 15.9737 8.23684 0 0 0
1 3.07895 15.9737 8.23684 0 0 0
1 5.65789 15.9737 8.23684 0 0 0
1 8.23684 15.9737 8.23684 0 0 0
1 10.8158 15.9737 8.23684 0 0 0
1 13.3947 15.9737 8.23684 0 0 0
1 15.9737 15.9737 8.23684 0 0 0
1 18.5526 15.9737 8.23684 0 0 0
1 21.1316 15.9737 8.23684 0 0 0
1 23.7105 15.9737 8.23684 0 0 0
1 26.2895 15.9737 8.23684 0 0 0
1 28.8684 15.9737 8.23684 0 0 0
1 31.4474 15.9737 8.23684 0 0 0
1 34.0263 15.9737 8.23684 0 0 0
1 36.6053 15.9737 8.23684 0 0 0
1 39.1842 15.9737 8.23684 0 0 0
1 41.7632 15.9737 8.23684 0 0 0
1 44.3421 15.9737 8.23684 0 0 0
1 46.9211 15.9737 8.23684 0 0 0
1 49.5 15.9737 8.23684 0 0 0
1 0.5 18.5526 8.23684 0 0 0
1 3.07895 18.5526 8.23684 0 0 0
1 5.65789 18.5526 8.23684 0 0 0
1 8.23684 18.5526 8.23684 0 0 0
1 10.8158 18.5526 8.23684 0 0 0
1 13.3947 18.5526 8.23684 0 0 0
1 15.9737 18.5526 8.23684 0 0 0
1 18.5526 18.5526 8.23684 0 0 0
1 21.1316 18.5526 8.23684 0 0 0
1 23.7105 18.5526 8.23684 0 0 0
1 26.2895 18.5526 8.23684 0 0 0
1 28.8684 18.5526 8.23684 0 0 0
1 31.4474 18.5526 8.23684 0 0 0
1 34.0263 18.5526 8.23684 0 0 0
1 36.6053 18.5526 8.23684 0 0 0
1 39.1842 18.5526 8.23684 0 0 0
1 41.7632 18.5526 8.23684 0 0 0
1 44.3421 18.5526 8.23684 0 0 0
1 46.9211 18.5526 8.23684 0 0 0
1 49.5 18.5526 8.23684 0 0 0
1 0.5 21.1316 8.23684 0 0 0
1 3.07895 21.1316 8.23684 0 0 0
1 5.65789 21.1316 8.23684 0 0 0
1 8.23684 21.1316 8.23684 0 0 0
1 10.8158 21.1316 8.23684 0 0 0
1 13.3947 21.1316 8.23684 0 0 0
1 15.9737 21.1316 8.23684 0 0 0
1 18.5526 21.1316 8.23684 0 0 0
1 21.1316 21.1316 8.23684 0 0 0
1 23.7105 21.1316 8.23684 0 0 0
1 26.2895 21.1316 8.23684 0 0 0
1 28.8684 21.1316 8.23684 0 0 0
1 31.4474 21.1316 8.23684 0 0 0
1 34.0263 21.1316 8.23684 0 0 0
1 36.6053 21.1316 8.23684 0 0 0
1 39.1842 21.1316 8.23684 0 0 0
1 41.7632 21.1316 8.23684 0 0 0
1 44.3421 21.1316 8.23684 0 0 0
1 46.9211 21.1316 8.23684 0 0 0
1 49.5 21.1316 8.23684 0 0 0
1 0.5 23.7105 8.23684 0 0 0
1 3.07895 23.7105 8.23684 0 0 0
1 5.65789 23.7105 8.23684 0 0 0
1 8.23684 23.7105 8.23684 0 0 0
1 10.8158 23.7105 8.23684 0 0 0
1 13.3947 23.7105 8.23684 0 0 0
1 15.9737 23.7105 8.23684 0 0 0
1 18.5526 23.7105 8.23684 0 0 0
1 21.1316 23.7105 8.23684 0 0 0
1 23.7105 23.7105 8.23684 0 0 0
1 26.2895 23.7105 8.23684 0 0 0
1 28.8684 23.7105 8.23684 0 0 0
1 31.4474 23.7105 8.23684 0 0 0
1 34.0263 23.7105 8.23684 0 0 0
1 36.6053 23.7105 8.23684 0 0 0
1 39.1842 23.7105 8.23684 0 0 0
1 41.7632 23.7105 8.23684 0 0 0
1 44.3421 23.7105 8.23684 0 0 0
1 46.9211 23.7105 8.23684 0 0 0
1 49.5 23.7105 8.23684 0 0 0
1 0.5 26.2895 8.23684 0 0 0
1 3.07895 26.2895 8.23684 0 0 0
1 5.65789 26.2895 8.23684 0 0 0
1 8.23684 26.2895 8.23684 0 0 0
1 10.8158 26.2895 8.23684 0 0 0
1 13.3947 26.2895 8.23684 0 0 0
1 15.9737 26.2895 8.23684 0 0 0
1 18.5526 26.2895 8.23684 0 0 0
1 21.1316 26.2895 8.23684 0 0 0
1 23.7105 26.2895 8.23684 0 0 0
1 26.2895 26.2895 8.23684 0 0 0
1 28.8684 26.2895 8.23684 0 0 0
1 31.4474 26.2895 8.23684 0 0 0
1 34.0263 26.2895 8.23684 0 0 0
1 36.6053 26.2895 8.23684 0 0 0
1 39.1842 26.2895 8.23684 0 0 0
1 41.7632 26.2895 8.23684 0 0 0
1 44.3421 26.2895 8.23684 0 0 0
1 46.9211 26.2895 8.23684 0 0 0
1 49.5 26.2895 8.23684 0 0 0
1 0.5 28.8684 8.23684 0 0 0
1 3.07895 28.8684 8.23684 0 0 0
1 5.65789 28.8684 8.23684 0 0 0
1 8.23684 28.8684 8.23684 0 0 0
1 10.8158 28.8684 8.23684 0 0 0
1 13.3947 28.8684 8.23684 0 0 0
1 15.9737 28.8684 8.23684 0 0 0
1 18.5526 28.8684 8.23684 0 0 0
1 21.1316 28.8684 8.23684 0 0 0
1 23.7105 28.8684 8.23684 0 0 0
1 26.2895 28.8684 8.23684 0 0 0
1 28.8684 28.8684 8.23684 0 0 0
1 31.4474 28.8684 8.23684 0 0 0
1 34.0263 28.8684 8.23684 0 0 0
1 36.6053 28.8684 8.23684 0 0 0
1 39.1842 28.8684 8.23684 0 0 0
1 41.7632 28.8684 8.23684 0 0 0
1 44.3421 28.8684 8.23684 0 0 0
1 46.9211 28.8684 8.23684 0 0 0
1 49.5 28.8684 8.23684 0 0 0
1 0.5 31.4474 8.23684 0 0 0
1 3.07895 31.4474 8.23684 0 0 0
1 5.65789 31.4474 8.23684 0 0 0
1 8.23684 31.4474 8.23684 0 0 0
1 10.8158 31.4474 8.23684 0 0 0
1 13.3947 31.4474 8.23684 0 0 0
1 15.9737 31.4474 8.23684 0 0 0
1 18.5526 31.4474 8.23684 0 0 0
1 21.1316 31.4474 8.23684 0 0 0
1 23.7105 31.4474 8.23684 0 0 0
1 26.2895 31.4474 8.23684 0 0 0
1 28.8684 31.4474 8.23684 0 0 0
1 31.4474 31.4474 8.23684 0 0 0
1 34.0263 31.4474 8.23684 0 0 0
1 36.6053 31.4474 8.23684 0 0 0
1 39.1842 31.4474 8.23684 0 0 0
1 41.7632 31.4474 8.23684 0 0 0
1 44.3421 31.4474 8.23684 0 0 0
1 46.9211 31.4474 8.23684 0 0 0
1 49.5 31.4474 8.23684 0 0 0
1 0.5 34.0263 8.23684 0 0 0
1 3.07895 34.0263 8.23684 0 0 0
1 5.65789 34.0263 8.23684 0 0 0
1 8.23684 34.0263 8.23684 0 0 0
1 10.8158 34.0263 8.23684 0 0 0
1 13.3947 34.0263 8.23684 0 0 0
1 15.9737 34.0263 8.23684 0 0 0
1 18.5526 34.0263 8.23684 0 0 0
1 21.1316 34.0263 8.23684 0 0 0
1 23.7105 34.0263 8.23684 0 0 0
1 26.2895 34.0263 8.23684 0 0 0
1 28.8684 34.0263 8.23684 0 0 0
1 31.4474 34.0263 8.23684 0 0 0
1 34.0263 34.0263 8.23684 0 0 0
1 36.6053 34.0263 8.23684 0 0 0
1 39.1842 34.0263 8.23684 0 0 0
1 41.7632 34.0263 8.23684 0 0 0
1 44.3421 34.0263 8.23684 0 0 0
1 46.9211 34.0263 8.23684 0 0 0
1 49.5 34.0263 8.23684 0 0 0
1 0.5 36.6053 8.23684 0 0 0
1 3.07895 36.6053 8.23684 0 0 0
1 5.65789 36.6053 8.23684 0 0 0
1 8.23684 36.6053 8.23684 0 0 0
1 10.8158 36.6053 8.23684 0 0 0
1 13.3947 36.6053 8.23684 0 0 0
1 15.9737 36.6053 8.23684 0 0 0
1 18.5526 36.6053 8.23684 0 0 0
1 21.1316 36.6053 8.23684 0 0 0
1 23.7105 36.6053 8.23684 0 0 0
1 26.2895 36.6053 8.23684 0 0 0
1 28.8684 36.6053 8.23684 0 0 0
1 31.4474 36.6053 8.23684 0 0 0
1 34.0263 36.6053 8.23684 0 0 0
1 36.6053 36.6053 8.23684 0 0 0
1 39.1842 36.6053 8.23684 0 0 0
1 41.7632 36.6053 8.23684 0 0 0
1 44.3421 36.6053 8.23684 0 0 0
1 46.9211 36.6053 8.23684 0 0 0
1 49.5 36.6053 8.23684 0 0 0
1 0.5 39.1842 8.23684 0 0 0
1 3.07895 39.1842 8.23684 0 0 0
1 5.65789 39.1842 8.23684 0 0 0
1 8.23684 39.1842 8.23684 0 0 0
1 10.8158 39.1842 8.23684 0 0 0
1 13.3947 39.1842 8.23684 0 0 0
1 15.9737 39.1842 8.23684 0 0 0
1 18.5526 39.1842 8.23684 0 0 0
1 21.1316 39.1842 8.23684 0 0 0
1 23.7105 39.1842 8.23684 0 0 0
1 26.2895 39.1842 8.23684 0 0 0
1 28.8684 39.1842 8.23684 0 0 0
1 31.4474 39.1842 8.23684 0 0 0
1 34.0263 39.1842 8.23684 0 0 0
1 36.6053 39.1842 8.23684 0 0 0
1 39.1842 39.1842 8.23684 0 0 0
1 41.7632 39.1842 8.23684 0 0 0
1 44.3421 39.1842 8.23684 0 0 0
1 46.9211 39.1842 8.23684 0 0 0
1 49.5 39.1842 8.23684 0 0 0
1 0.5 41.7632 8.23684 0 0 0
1 3.07895 41.7632 8.23684 0 0 0
1 5.65789 41.7632 8.23684 0 0 0
1 8.23684 41.7632 8.23684 0 0 0
1 10.8158 41.7632 8.23684 0 0 0
1 13.3947 41.7632 8.23684 0 0 0
1 15.9737 41.7632 8.23684 0 0 0
1 18.5526 41.7632 8.23684 0 0 0
1 21.1316 41.7632 8.23684 0 0 0
1 23.7105 41.7632 8.23684 0 0 0
1 26.2895 41.7632 8.23684 0 0 0
1 28.8684 41.7632 8.23684 0 0 0
1 31.4474 41.7632 8.23684 0 0 0
1 34.0263 41.7632 8.23684 0 0 0
1 36.6053 41.7632 8.23684 0 0 0
1 39.1842 41.7632 8.23684 0 0 0
1 41.7632 41.7632 8.23684 0 0 0
1 44.3421 41.7632 8.23684 0 0 0
1 46.9211 41.7632 8.23684 0 0 0
1 49.5 41.7632 8.23684 0 0 0
1 0.5 44.3421 8.23684 0 0 0
1 3.07895 44.3421 8.23684 0 0 0
1 5.65789 44.3421 8.23684 0 0 0
1 8.23684 44.3421 8.23684 0 0 0
1 10.8158 44.3421 8.23684 0 0 0
1 13.3947 44.3421 8.23684 0 0 0
1 15.9737 44.3421 8.23684 0 0 0
1 18.5526 44.3421 8.23684 0 0 0
1 21.1316 44.3421 8.23684 0 0 0
1 23.7105 44.3421 8.23684 0 0 0
1 26.2895 44.3421 8.23684 0 0 0
1 28.8684 44.3421 8.23684 0 0 0
1 31.4474 44.3421 8.23684 0 0 0
1 34.0263 44.3421 8.23684 0 0 0
1 36.6053 44.3421 8.23684 0 0 0
1 39.1842 44.3421 8.23684 0 0 0
1 41.7632 44.3421 8.23684 0 0 0
1 44.3421 44.3421 8.23684 0 0 0
1 46.9211 44.3421 8.23684 0 0 0
1 49.5 44.3421 8.23684 0 0 0
1 0.5 46.9211 8.23684 0 0 0
1 3.07895 46.9211 8.23684 0 0 0
1 5.65789 46.9211 8.23684 0 0 0
1 8.23684 46.9211 8.23684 0 0 0
1 10.8158 46.9211 8.23684 0 0 0
1 13.3947 46.9211 8.23684 0 0 0
1 15.9737 46.9211 8.23684 0 0 0
1 18.5526 46.9211 8.23684 0 0 0
1 21.1316 46.9211 8.23684 0 0 0
1 23.7105 46.9211 8.23684 0 0 0
1 26.2895 46.9211 8.23684 0 0 0
1 28.8684 46.9211 8.23684 0 0 0
1 31.4474 46.9211 8.23684 0 0 0
1 34.0263 46.9211 8.23684 0 0 0
1 36.6053 46.9211 8.23684 0 0 0
1 39.1842 46.9211 8.23684 0 0 0
1 41.7632 46.9211 8.23684 0 0 0
1 44.3421 46.9211 8.23684 0 0 0
1 46.9211 46.9211 8.23684 0 0 0
1 49.5 46.9211 8.23684 0 0 0
1 0.5 49.5 8.23684 0 0 0
1 3.07895 49.5 8.23684 0 0 0
1 5.65789 49.5 8.23684 0 0 0
1 8.23684 49.5 8.23684 0 0 0
1 10.8158 49.5 8.23684 0 0 0
1 13.3947 49.5 8.23684 0 0 0
1 15.9737 49.5 8.23684 0 0 0
1 18.5526 49.5 8.23684 0 0 0
1 21.1316 49.5 8.23684 0 0 0
1 23.7105 49.5 8.23684 0 0 0
1 26.2895 49.5 8.23684 0 0 0
1 28.8684 49.5 8.23684 0 0 0
1 31.4474 49.5 8.23684 0 0 0
1 34.0263 49.5 8.23684 0 0 0
1 36.6053 49.5 8.23684 0 0 0
1 39.1842 49.5 8.23684 0 0 0
1 41.7632 49.5 8.23684 0 0 0
1 44.3421 49.5 8.23684 0 0 0
1 46.9211 49.5 8.23684 0 0 0
1 49.5 49.5 8.23684 0 0 0
1 0.5 0.5 10.8158 0 0 0
1 3.07895 0.5 10.8158 0 0 0
1 5.65789 0.5 10.8158 0 0 0
1 8.23684 0.5 10.8158 0 0 0
1 10.8158 0.5 10.8158 0 0 0
1 13.3947 0.5 10.8158 0 0 0
1 15.9737 0.5 10.8158 0 0 0
1 18.5526 0.5 10.8158 0 0 0
1 21.1316 0.5 10.8158 0 0 0
1 23.7105 0.5 10.8158 0 0 0
1 26.2895 0.5 10.8158 0 0 0
1 28.8684 0.5 10.8158 0 0 0
1 31.4474 0.5 10.8158 0 0 0
1 34.0263 0.5 10.8158 0 0 0
1 36.6053 0.5 10.8158 0 0 0
1 39.1842 0.5 10.8158 0 0 0
1 41.7632 0.5 10.8158 0 0 0
1 44.3421 0.5 10.8158 0 0 0
1 46.9211 0.5 10.8158 0 0 0
1 49.5 0.5 10.8158 0 0 0
1 0.5 3.07895 10.8158 0 0 0
1 3.07895 3.07895 10.8158 0 0 0
1 5.65789 3.07895 10.8158 0 0 0
1 8.23684 3.07895 10.8158 0 0 0
1 10.8158 3.07895 10.8158 0 0 0
1 13.3947 3.07895 10.8158 0 0 0
1 15.9737 3.07895 10.8158 0 0 0
1 18.5526 3.07895 10.8158 0 0 0
1 21.1316 3.07895 10.8158 0 0 0
1 23.7105 3.07895 10.8158 0 0 0
1 26.2895 3.07895 10.8158 0 0 0
1 28.8684 3.07895 10.8158 0 0 0
1 31.4474 3.07895 10.8158 0 0 0
1 34.0263 3.07895 10.8158 0 0 0
1 36.6053 3.07895 10.8158 0 0 0
1 39.1842 3.07895 10.8158 0 0 0
1 41.7632 3.07895 10.8158 0 0 0
1 44.3421 3.07895 10.8158 0 0 0
1 46.9211 3.07895 10.8158 0 0 0
1 49.5 3.07895 10.8158 0 0 0
1 0.5 5.65789 10.8158 0 0 0
1 3.07895 5.65789 10.8158 0 0 0
1 5.65789 5.65789 10.8158 0 0 0
1 8.23684 5.65789 10.8158 0 0 0
1 10.8158 5.65789 10.8158 0 0 0
1 13.3947 5.65789 10.8158 0 0 0
1 15.9737 5.65789 10.8158 0 0 0
1 18.5526 5.65789 10.8158 0 0 0
1 21.1316 5.65789 10.8158 0 0 0
1 23.7105 5.65789 10.8158 0 0 0
1 26.2895 5.65789 10.8158 0 0 0
1 28.8684 5.65789 10.8158 0 0 0
1 31.4474 5.65789 10.8158 0 0 0
1 34.0263 5.65789 10.8158 0 0 0
1 36.6053 5.65789 10.8158 0 0 0
1 39.1842 5.65789 10.8158 0 0 0
1 41.7632 5.65789 10.8158 0 0 0
1 44.3421 5.65789 10.8158 0 0 0
1 46.9211 5.65789 10.8158 0 0 0
1 49.5 5.65789 10.8158 0 0 0
1 0.5 8.23684 10.8158 0 0 0
1 3.07895 8.23684 10.8158 0 0 0
1 5.65789 8.23684 10.8158 0 0 0
1 8.23684 8.23684 10.8158 0 0 0
1 10.8158 8.23684 10.8158 0 0 0
1 13.3947 8.23684 10.8158 0 0 0
1 15.9737 8.23684 10.8158 0 0 0
1 18.5526 8.23684 10.8158 0 0 0
1 21.1316 8.23684 10.8158 0 0 0
1 23.7105 8.23684 10.8158 0 0 0
1 26.2895 8.23684 10.8158 0 0 0
1 28.8684 8.23684 10.8158 0 0 0
1 31.4474 8.23684 10.8158 0 0 0
1 34.0263 8.23684 10.8158 0 0 0
1 36.6053 8.23684 10.8158 0 0 0
1 39.1842 8.23684 10.8158 0 0 0
1 41.7632 8.23684 10.8158 0 0 0
1 44.3421 8.23684 10.8158 0 0 0
1 46.9211 8.23684 10.8158 0 0 0
1 49.5 8.23684 10.8158 0 0 0
1 0.5 10.8158 10.8158 0 0 0
1 3.07895 10.8158 10.8158 0 0 0
1 5.65789 10.8158 10.8158 0 0 0
1 8.23684 10.8158 10.8158 0 0 0
1 10.8158 10.8158 10.8158 0 0 0
1 13.3947 10.8158 10.8158 0 0 0
1 15.9737 10.8158 10.8158 0 0 0
1 18.5526 10.8158 10.8158 0 0 0
1 21.1316 10.8158 10.8158 0 0 0
1 23.7105 10.8158 10.8158 0 0 0
1 26.2895 10.8158 10.8158 0 0 0
1 28.8684 10.8158 10.8158 0 0 0
1 31.4474 10.8158 10.8158 0 0 0
1 34.0263 10.8158 10.8158 0 0 0
1 36.6053 10.8158 10.8158 0 0 0
1 39.1842 10.8158 10.8158 0 0 0
1 41.7632 10.8158 10.8158 0 0 0
1 44.3421 10.8158 10.8158 0 0 0
1 46.9211 10.8158 10.8158 0 0 0
1 49.5 10.8158 10.8158 0 0 0
1 0.5 13.3947 10.8158 0 0 0
1 3.07895 13.3947 10.8158 0 0 0
1 5.65789 13.3947 10.8158 0 0 0
1 8.23684 13.3947 10.8158 0 0 0
1 10.8158 13.3947 10.8158 0 0 0
1 13.3947 13.3947 10.8158 0 0 0
1 15.9737 13.3947 10.8158 0 0 0
1 18.5526 13.3947 10.8158 0 0 0
1 21.1316 13.3947 10.8158 0 0 0
1 23.7105 13.3947 10.8158 0 0 0
1 26.2895 13.3947 10.8158 0 0 0
1 28.8684 13.3947 10.8158 0 0 0
1 31.4474 13.3947 10.8158 0 0 0
1 34.0263 13.3947 10.8158 0 0 0
1 36.6053 13.3947 10.8158 0 0 0
1 39.1842 13.3947 10.8158 0 0 0
1 41.7632 13.3947 10.8158 0 0 0
1 44.3421 13.3947 10.8158 0 0 0
1 46.9211 13.3947 10.8158 0 0 0
1 49.5 13.3947 10.8158 0 0 0
1 0.5 15.9737 10.8158 0 0 0
1 3.07895 15.9737 10.8158 0 0 0
1 5.65789 15.9737 10.8158 0 0 0
1 8.23684 15.9737 10.8158 0 0 0
1 10.8158 15.9737 10.8158 0 0 0
1 13.3947 15.9737 10.8158 0 0 0
1 15.9737 15.9737 10.8158 0 0 0
1 18.5526 15.9737 10.8158 0 0 0
1 21.1316 15.9737 10.8158 0 0 0
1 23.7105 15.9737 10.8158 0 0 0
1 26.2895 15.9737 10.8158 0 0 0
1 28.8684 15.9737 10.8158 0 0 0
1 31.4474 15.9737 10.8158 0 0 0
1 34.0263 15.9737 10.8158 0 0 0
1 36.6053 15.9737 10.8158 0 0 0
1 39.1842 15.9737 10.8158 0 0 0
1 41.7632 15.9737 10.8158 0 0 0
1 44.3421 15.9737 10.8158 0 0 0
1 46.9211 15.9737 10.8158 0 0 0
1 49.5 15.9737 10.8158 0 0 0
1 0.5 18.5526 10.8158 0 0 0
1 3.07895 18.5526 10.8158 0 0 0
1 5.65789 18.5526 10.8158 0 0 0
1 8.23684 18.5526 10.8158 0 0 0
1 10.8158 18.5526 10.8158 0 0 0
1 13.3947 18.5526 10.8158 0 0 0
1 15.9737 18.5526 10.8158 0 0 0
1 18.5526 18.5526 10.8158 0 0 0
1 21.1316 18.5526 10.8158 0 0 0
1 23.7105 18.5526 10.8158 0 0 0
1 26.2895 18.5526 10.8158 0 0 0
1 28.8684 18.5526 10.8158 0 0 0
1 31.4474 18.5526 10.8158 0 0 0
1 34.0263 18.5526 10.8158 0 0 0
1 36.6053 18.5526 10.8158 0 0 0
1 39.1842 18.5526 10.8158 0 0 0
1 41.7632 18.5526 10.8158 0 0 0
1 44.3421 18.5526 10.8158 0 0 0
1 46.9211 18.5526 10.8158 0 0 0
1 49.5 18.5526 10.8158 0 0 0
1 0.5 21.1316 10.8158 0 0 0
1 3.07895 21.1316 10.8158 0 0 0
1 5.65789 21.1316 10.8158 0 0 0
1 8.23684 21.1316 10.8158 0 0 0
1 10.8158 21.1316 10.8158 0 0 0
1 13.3947 21.1316 10.8158 0 0 0
1 15.9737 21.1316 10.8158 0 0 0
1 18.5526 21.1316 10.8158 0 0 0
1 21.1316 21.1316 10.8158 0 0 0
1 23.7105 21.1316 10.8158 0 0 0
1 26.2895 21.1316 10.8158 0 0 0
1 28.8684 21.1316 10.8158 0 0 0
1 31.4474 21.1316 10.8158 0 0 0
1 34.0263 21.1316 10.8158 0 0 0
1 36.6053 21.1316 10.8158 0 0 0
1 39.1842 21.1316 10.8158 0 0 0
1 41.7632 21.1316 10.8158 0 0 0
1 44.3421 21.1316 10.8158 0 0 0
1 46.9211 21.1316 10.8158 0 0 0
1 49.5 21.1316 10.8158 0 0 0
1 0.5 23.7105 10.8158 0 0 0
1 3.07895 23.7105 10.8158 0 0 0
1 5.65789 23.7105 10.8158 0 0 0
1 8.23684 23.7105 10.8158 0 0 0
1 10.8158 23.7105 10.8158 0 0 0
1 13.3947 23.7105 10.8158 0 0 0
1 15.9737 23.7105 10.8158 0 0 0
1 18.5526 23.7105 10.8158 0 0 0
1 21.1316 23.7105 10.8158 0 0 0
1 23.7105 23.7105 10.8158 0 0 0
1 26.2895 23.7105 10.8158 0 0 0
1 28.8684 23.7105 10.8158 0 0 0
1 31.4474 23.7105 10.8158 0 0 0
1 34.0263 23.7105 10.8158 0 0 0
1 36.6053 23.7105 10.8158 0 0 0
1 39.1842 23.7105 10.8158 0 0 0
1 41.7632 23.7105 10.8158 0 0 0
1 44.3421 23.7105 10.8158 0 0 0
1 46.9211 23.7105 10.8158 0 0 0
1 49.5 23.7105 10.8158 0 0 0
1 0.5 26.2895 10.8158 0 0 0
1 3.07895 26.2895 10.8158 0 0 0
1 5.65789 26.2895 10.8158 0 0 0
1 8.23684 26.2895 10.8158 0 0 0
1 10.8158 26.2895 10.8158 0 0 0
1 13.3947 26.2895 10.8158 0 0 0
1 15.9737 26.2895 10.8158 0 0 0
1 18.5526 26.2895 10.8158 0 0 0
1 21.1316 26.2895 10.8158 0 0 0
1 23.7105 26.2895 10.8158 0 0 0
1 26.2895 26.2895 10.8158 0 0 0
1 28.8684 26.2895 10.8158 0 0 0
1 31.4474 26.2895 10.8158 0 0 0
1 34.0263 26.2895 10.8158 0 0 0
1 36.6053 26.2895 10.8158 0 0 0
1 39.1842 26.2895 10.8158 0 0 0
1 41.7632 26.2895 10.8158 0 0 0
1 44.3421 26.2895 10.8158 0 0 0
1 46.9211 26.2895 10.8158 0 0 0
1 49.5 26.2895 10.8158 0 0 0
1 0.5 28.8684 10.8158 0 0 0
1 3.07895 28.8684 10.8158 0 0 0
1 5.65789 28.8684 10.8158 0 0 0
1 8.23684 28.8684 10.8158 0 0 0
1 10.8158 28.8684 10.8158 0 0 0
1 13.3947 28.8684 10.8158 0 0 0
1 15.9737 28.8684 10.8158 0 0 0
1 18.5526 28.8684 10.8158 0 0 0
1 21.1316 28.8684 10.8158 0 0 0
1 23.7105 28.8684 10.8158 0 0 0
1 26.2895 28.8684 10.8158 0 0 0
1 28.8684 28.8684 10.8158 0 0 0
1 31.4474 28.8684 10.8158 0 0 0
1 34.0263 28.8684 10.8158 0 0 0
1 36.6053 28.8684 10.8158 0 0 0
1 39.1842 28.8684 10.8158 0 0 0
1 41.7632 28.8684 10.8158 0 0 0
1 44.3421 28.8684 10.8158 0 0 0
1 46.9211 28.8684 10.8158 0 0 0
1 49.5 28.8684 10.8158 0 0 0
1 0.5 31.4474 10.8158 0 0 0
1 3.07895 31.4474 10.8158 0 0 0
1 5.65789 31.4474 10.8158 0 0 0
1 8.23684 31.4474 10.8158 0 0 0
1 10.8158 31.4474 10.8158 0 0 0
1 13.3947 31.4474 10.8158 0 0 0
1 15.9737 31.4474 10.8158 0 0 0
1 18.5526 31.4474 10.8158 0 0 0
1 21.1316 31.4474 10.8158 0 0 0
1 23.7105 31.4474 10.8158 0 0 0
1 26.2895 31.4474 10.8158 0 0 0
1 28.8684 31.4474 10.8158 0 0 0
1 31.4474 31.4474 10.8158 0 0 0
1 34.0263 31.4474 10.8158 0 0 0
1 36.6053 31.4474 10.8158 0 0 0
1 39.1842 31.4474 10.8158 0 0 0
1 41.7632 31.4474 10.8158 0 0 0
1 44.3421 31.4474 10.8158 0 0 0
1 46.9211 31.4474 10.8158 0 0 0
1 49.5 31.4474 10.8158 0 0 0
1 0.5 34.0263 10.8158 0 0 0
1 3.07895 34.0263 10.8158 0 0 0
1 5.65789 34.0263 10.8158 0 0 0
1 8.23684 34.0263 10.8158 0 0 0
1 10.8158 34.0263 10.8158 0 0 0
1 13.3947 34.0263 10.8158 0 0 0
1 15.9737 34.0263 10.8158 0 0 0
1 18.5526 34.0263 10.8158 0 0 0
1 21.1316 34.0263 10.8158 0 0 0
1 23.7105 34.0263 10.8158 0 0 0
1 26.2895 34.0263 10.8158 0 0 0
1 28.8684 34.0263 10.8158 0 0 0
1 31.4474 34.0263 10.8158 0 0 0
1 34.0263 34.0263 10.8158 0 0 0
1 36.6053 34.0263 10.8158 0 0 0
1 39.1842 34.0263 10.8158 0 0 0
1 41.7632 34.0263 10.8158 0 0 0
1 44.3421 34.0263 10.8158 0 0 0
1 46.9211 34.0263 10.8158 0 0 0
1 49.5 34.0263 10.8158 0 0 0
1 0.5 36.6053 10.8158 0 0 0
1 3.07895 36.6053 10.8158 0 0 0
1 5.65789 36.6053 10.8158 0 0 0
1 8.23684 36.6053 10.8158 0 0 0
1 10.8158 36.6053 10.8158 0 0 0
1 13.3947 36.6053 10.8158 0 0 0
1 15.9737 36.6053 10.8158 0 0 0
1 18.5526 36.6053 10.8158 0 0 0
1 21.1316 36.6053 10.8158 0 0 0
1 23.7105 36.6053 10.8158 0 0 0
1 26.2895 36.6053 10.8158 0 0 0
1 28.8684 36.6053 10.8158 0 0 0
1 31.4474 36.6053 10.8158 0 0 0
1 34.0263 36.6053 10.8158 0 0 0
1 36.6053 36.6053 10.8158 0 0 0
1 39.1842 36.6053 10.8158 0 0 0
1 41.7632 36.6053 10.8158 0 0 0
1 44.3421 36.6053 10.8158 0 0 0
1 46.9211 36.6053 10.8158 0 0 0
1 49.5 36.6053 10.8158 0 0 0
1 0.5 39.1842 10.8158 0 0 0
1 3.07895 39.1842 10.8158 0 0 0
1 5.65789 39.1842 10.8158 0 0 0
1 8.23684 39.1842 10.8158 0 0 0
1 10.8158 39.1842 10.8158 0 0 0
1 13.3947 39.1842 10.8158 0 0 0
1 15.9737 39.1842 10.8158 0 0 0
1 18.5526 39.1842 10.8158 0 0 0
1 21.1316 39.1842 10.8158 0 0 0
1 23.7105 39.1842 10.8158 0 0 0
1 26.2895 39.1842 10.8158 0 0 0
1 28.8684 39.1842 10.8158 0 0 0
1 31.4474 39.1842 10.8158 0 0 0
1 34.0263 39.1842 10.8158 0 0 0
1 36.6053 39.1842 10.8158 0 0 0
1 39.1842 39.1842 10.8158 0 0 0
1 41.7632 39.1842 10.8158 0 0 0
1 44.3421 39.1842 10.8158 0 0 0
1 46.9211 39.1842 10.8158 0 0 0
1 49.5 39.1842 10.8158 0 0 0
1 0.5 41.7632 10.8158 0 0 0
1 3.07895 41.7632 10.8158 0 0 0
1 5.65789 41.7632 10.8158 0 0 0
1 8.23684 41.7632 10.8158 0 0 0
1 10.8158 41.7632 10.8158 0 0 0
1 13.3947 41.7632 10.8158 0 0 0
1 15.9737 41.7632 10.8158 0 0 0
1 18.5526 41.7632 10.8158 0 0 0
1 21.1316 41.7632 10.8158 0 0 0
1 23.7105 41.7632 10.8158 0 0 0
1 26.2895 41.7632 10.8158 0 0 0
1 28.8684 41.7632 10.8158 0 0 0
1 31.4474 41.7632 10.8158 0 0 0
1 34.0263 41.7632 10.8158 0 0 0
1 36.6053 41.7632 10.8158 0 0 0
1 39.1842 41.7632 10.8158 0 0 0
1 41.7632 41.7632 10.8158 0 0 0
1 44.3421 41.7632 10.8158 0 0 0
1 46.9211 41.7632 10.8158 0 0 0
1 49.5 41.7632 10.8158 0 0 0
1 0.5 44.3421 10.8158 0 0 0
1 3.07895 44.3421 10.8158 0 0 0
1 5.65789 44.3421 10.8158 0 0 0
1 8.23684 44.3421 10.8158 0 0 0
1 10.8158 44.3421 10.8158 0 0 0
1 13.3947 44.3421 10.8158 0 0 0
1 15.9737 44.3421 10.8158 0 0 0
1 18.5526 44.3421 10.8158 0 0 0
1 21.1316 44.3421 10.8158 0 0 0
1 23.7105 44.3421 10.8158 0 0 0
1 26.2895 44.3421 10.8158 0 0 0
1 28.8684 44.3421 10.8158 0 0 0
1 31.4474 44.3421 10.8158 0 0 0
1 34.0263 44.3421 10.8158 0 0 0
1 36.6053 44.3421 10.8158 0 0 0
1 39.1842 44.3421 10.8158 0 0 0
1 41.7632 44.3421 10.8158 0 0 0
1 44.3421 44.3421 10.8158 0 0 0
1 46.9211 44.3421 10.8158 0 0 0
1 49.5 44.3421 10.8158 0 0 0
1 0.5 46.9211 10.8158 0 0 0
1 3.07895 46.9211 10.8158 0 0 0
1 5.65789 46.9211 10.8158 0 0 0
1 8.23684 46.9211 10.8158 0 0 0
1 10.8158 46.9211 10.8158 0 0 0
1 13.3947 46.9211 10.8158 0 0 0
1 15.9737 46.9211 10.8158 0 0 0
1 18.5526 46.9211 10.8158 0 0 0
1 21.1316 46.9211 10.8158 0 0 0
1 23.7105 46.9211 10.8158 0 0 0
1 26.2895 46.9211 10.8158 0 0 0
1 28.8684 46.9211 10.8158 0 0 0
1 31.4474 46.9211 10.8158 0 0 0
1 34.0263 46.9211 10.8158 0 0 0
1 36.6053 46.9211 10.8158 0 0 0
1 39.1842 46.9211 10.8158 0 0 0
1 41.7632 46.9211 10.8158 0 0 0
1 44.3421 46.9211 10.8158 0 0 0
1 46.9211 46.9211 10.8158 0 0 0
1 49.5 46.9211 10.8158 0 0 0
1 0.5 49.5 10.8158 0 0 0
1 3.07895 49.5 10.8158 0 0 0
1 5.65789 49.5 10.8158 0 0 0
1 8.23684 49.5 10.8158 0 0 0
1 10.8158 49.5 10.8158 0 0 0
1 13.3947 49.5 10.8158 0 0 0
1 15.9737 49.5 10.8158 0 0 0
1 18.5526 49.5 10.8158 0 0 0
1 21.1316 49.5 10.8158 0 0 0
1 23.7105 49.5 10.8158 0 0 0
1 26.2895 49.5 10.8158 0 0 0
1 28.8684 49.5 10.8158 0 0 0
1 31.4474 49.5 10.8158 0 0 0
1 34.0263 49.5 10.8158 0 0 0
1 36.6053 49.5 10.8158 0 0 0
1 39.1842 49.5 10.8158 0 0 0
1 41.7632 49.5 10.8158 0 0 0
1 44.3421 49.5 10.8158 0 0 0
1 46.9211 49.5 10.8158 0 0 0
1 49.5 49.5 10.8158 0 0 0
1 20.9184 19.7149 25.7643 0 0 -10
1 19.127 21.4211 23.8226 0 0 -10
1 21.7136 19.2823 29.0917 0 0 -10
1 19.7261 20.0272 25.9162 0 0 -10
1 20.5144 20.1677 25.2686 0 0 -10
1 20.0838 22.1967 25.7296 0 0 -10
1 17.2302 21.8679 25.3298 0 0 -10
1 21.4559 20.1435 26.4481 0 0 -10
1 19.7437 21.0058 24.4434 0 0 -10
1 21.3534 19.1001 25.1533 0 0 -10
1 18.7203 22.6688 25.1285 0 0 -10
1 20.1807 20.0341 24.5036 0 0 -10
1 21.1279 18.8988 26.2177 0 0 -10
1 21.5636 18.3697 27.0984 0 0 -10
1 20.84 19.5671 24.3084 0 0 -10
1 20.9815 19.6266 25.4658 0 0 -10
1 20.5046 20.098 25.1739 0 0 -10
1 19.4341 21.754 26.0265 0 0 -10
1 20.0294 19.9987 24.9797 0 0 -10
1 21.6278 20.6027 24.7093 0 0 -10
1 20.6619 18.7884 26.5828 0 0 -10
1 18.5834 19.6103 22.9848 0 0 -10
1 18.3834 18.8423 25.292 0 0 -10
1 21.4245 19.0978 26.929 0 0 -10
1 19.1773 18.7107 23.323 0 0 -10
1 20.2757 19.166 23.8658 0 0 -10
1 21.3206 20.3029 26.0558 0 0 -10
1 20.184 19.3736 24.3398 0 0 -10
1 16.558 21.2821 26.9403 0 0 -10
1 19.8538 20.5779 23.7654 0 0 -10
1 20.2493 22.0822 23.4162 0 0 -10
1 20.9534 19.9843 23.0803 0 0 -10
1 21.2468 17.9016 26.0783 0 0 -10
1 18.5461 21.0769 24.017 0 0 -10
1 20.9596 18.0072 26.0899 0 0 -10
1 20.1382 20.6573 23.8408 0 0 -10
1 19.9227 20.2507 26.2038 0 0 -10
1 19.744 19.1464 26.8134 0 0 -10
1 20.3284 21.1112 24.1127 0 0 -10
1 24.0335 19.6081 24.5848 0 0 -10
1 19.2863 20.7761 23.8384 0 0 -10
1 20.1892 19.2871 24.8664 0 0 -10
1 21.9178 21.702 26.3468 0 0 -10
1 19.0738 18.0894 25.661 0 0 -10
1 21.1018 21.9992 23.5129 0 0 -10
1 21.3378 21.1088 23.2424 0 0 -10
1 20.0576 19.2674 24.5745 0 0 -10
1 18.4498 19.4481 25.3058 0 0 -10
1 20.9829 21.7563 22.7727 0 0 -10
1 21.4415 18.8938 24.1095 0 0 -10
1 20.5124 19.7363 24.512 0 0 -10
1 21.2589 19.2128 26.8586 0 0 -10
1 18.8214 21.1675 25.191 0 0 -10
1 22.0368 19.9899 25.415 0 0 -10
1 19.9484 19.7535 27.3668 0 0 -10
1 19.9781 18.8635 23.2618 0 0 -10
1 20.4287 20.5297 24.1598 0 0 -10
1 20.6866 19.9495 27.2516 0 0 -10
1 20.3695 19.4698 24.5419 0 0 -10
1 19.8103 19.7619 25.587 0 0 -10
1 22.0487 19.9747 23.9373 0 0 -10
1 18.2548 22.6232 26.7983 0 0 -10
1 18.7328 20.4757 24.5592 0 0 -10
1 19.7586 19.8077 24.5338 0 0 -10
1 19.786 21.2794 25.2461 0 0 -10
1 18.7605 20.839 26.3835 0 0 -10
1 21.0597 20.1494 22.5364 0 0 -10
1 20.4122 19.4715 27.3628 0 0 -10
1 19.157 17.9592 23.6112 0 0 -10
1 19.3472 19.9411 25.8245 0 0 -10
1 19.059 20.7458 26.4671 0 0 -10
1 19.697 22.0124 26.3762 0 0 -10
1 19.7187 18.1345 25.439 0 0 -10
1 22.9015 21.1033 28.5071 0 0 -10
1 19.6355 19.4833 26.0262 0 0 -10
1 19.8388 17.7266 25.7555 0 0 -10
1 20.7183 23.3179 27.6838 0 0 -10
1 19.9321 18.98 26.2142 0 0 -10
1 19.4371 19.6157 26.0179 0 0 -10
1 19.177 21.664 25.8409 0 0 -10
1 20.5617 21.4987 24.1446 0 0 -10
1 18.9539 18.8677 25.4216 0 0 -10
1 21.1715 18.4004 24.4725 0 0 -10
1 18.5856 19.4937 22.936 0 0 -10
1 19.2984 20.2017 22.8798 0 0 -10
1 19.072 18.4674 26.8698 0 0 -10
1 17.5168 21.5514 25.5423 0 0 -10
1 21.7709 18.3168 26.3058 0 0 -10
1 22.5255 23.0424 25.3948 0 0 -10
1 18.8986 18.4709 27.4279 0 0 -10
1 20.2863 20.1687 24.6708 0 0 -10
1 18.3991 20.6096 26.0265 0 0 -10
1 18.6231 18.3143 26.0984 0 0 -10
1 20.5332 21.2077 25.4885 0 0 -10
1 19.3485 20.0066 25.6251 0 0 -10
1 19.6401 20.7031 26.2588 0 0 -10
1 20.0326 20.1642 25.2972 0 0 -10
1 21.4617 19.9811 25.1773 0 0 -10
1 20.8119 21.2546 27.3615 0 0 -10
1 20.6045 20.6473 24.4794 0 0 -10
1 20.7112 19.7994 22.7309 0 0 -10
1 22.7622 18.5297 26.8813 0 0 -10
1 22.1928 23.295 25.8725 0 0 -10
1 21.0351 20.0935 26.7135 0 0 -10
1 20.0783 17.9856 24.947 0 0 -10
1 17.5307 22.9471 23.975 0 0 -10
1 18.9115 19.7342 24.2266 0 0 -10
1 20.5685 22.4131 25.6376 0 0 -10
1 19.9769 19.9902 25.2152 0 0 -10
1 20.4369 18.754 23.7414 0 0 -10
1 19.7599 19.6029 27.2663 0 0 -10
1 22.2779 18.5802 25.3134 0 0 -10
1 18.7956 19.8402 26.0672 0 0 -10
1 16.4098 22.2355 27.0024 0 0 -10
1 20.9357 17.6335 24.8312 0 0 -10
1 19.6789 20.3532 25.9561 0 0 -10
1 19.4879 20.1886 25.6468 0 0 -10
1 21.9864 21.2567 27.3936 0 0 -10
1 20.2579 18.8193 25.1629 0 0 -10
1 20.1552 20.4143 25.5926 0 0 -10
1 19.9018 22.3604 26.1114 0 0 -10
1 21.8485 19.8194 23.3054 0 0 -10
1 20.1171 20.2079 25.4036 0 0 -10
1 19.2217 20.3305 24.1516 0 0 -10
1 19.8796 20.4686 26.3098 0 0 -10
1 15.9434 19.8637 22.5789 0 0 -10
1 19.7016 21.3745 26.1095 0 0 -10
1 20.1711 17.8273 26.1755 0 0 -10
1 20.4202 19.6375 25.8188 0 0 -10
1 20.0526 19.9431 24.8387 0 0 -10
1 20.7681 20.8736 25.5723 0 0 -10
1 20.2969 20.6597 24.6947 0 0 -10
1 20.7513 19.3987 25.9206 0 0 -10
1 20.4737 19.9655 24.7293 0 0 -10
1 20.583 17.7812 25.5667 0 0 -10
1 20.3654 21.1331 28.1603 0 0 -10
1 18.551 18.7563 25.7045 0 0 -10
1 18.8262 17.7342 25.1742 0 0 -10
1 18.935 17.9259 26.935 0 0 -10
1 21.5934 19.3779 22.4641 0 0 -10
1 21.0532 19.1338 23.5203 0 0 -10
1 21.2319 18.8504 25.8725 0 0 -10
1 21.2117 17.8531 27.0198 0 0 -10
1 20.0977 21.2672 24.0904 0 0 -10
1 19.7433 19.5506 25.0151 0 0 -10
1 21.7437 20.4984 25.1388 0 0 -10
1 19.2853 20.7187 26.1047 0 0 -10
1 20.0286 19.8743 23.37 0 0 -10
1 20.4297 20.2262 24.1722 0 0 -10
1 19.8666 21.4273 26.5395 0 0 -10
1 19.4626 19.3777 25.7394 0 0 -10
1 17.9332 22.5103 24.4328 0 0 -10
1 19.0822 22.1549 22.5375 0 0 -10
1 19.4925 18.4899 25.665 0 0 -10
1 17.8271 21.265 25.2171 0 0 -10
1 19.0966 17.4124 24.5752 0 0 -10
1 18.3395 19.0631 24.6763 0 0 -10
1 18.4107 19.5441 25.3915 0 0 -10
1 21.8866 22.7307 25.5372 0 0 -10
1 19.3384 22.2842 25.5503 0 0 -10
1 19.5817 19.6073 23.6616 0 0 -10
1 21.3303 19.5133 26.0682 0 0 -10
1 22.7789 21.7521 25.2091 0 0 -10
1 23.7351 20.0719 27.3614 0 0 -10
1 20.869 18.8331 25.6156 0 0 -10
1 18.9976 19.949 24.4212 0 0 -10
1 18.5826 18.998 25.7441 0 0 -10
1 17.4176 20.767 26.817 0 0 -10
1 20.41 19.7067 25.191 0 0 -10
1 20.2487 20.6392 25.6017 0 0 -10
1 20.5627 21.2623 26.3134 0 0 -10
1 19.4398 19.4505 24.76 0 0 -10
1 18.9036 17.6652 27.8397 0 0 -10
1 22.3706 19.0391 23.7355 0 0 -10
1 18.7718 17.3544 26.1572 0 0 -10
1 21.4985 20.6873 24.8453 0 0 -10
1 19.8013 18.5457 23.0691 0 0 -10
1 18.0359 20.5934 23.4621 0 0 -10
1 18.9201 20.7204 24.9427 0 0 -10
1 19.9717 19.3848 25.7179 0 0 -10
1 21.5629 20.7621 25.9496 0 0 -10
1 20.9922 19.7981 26.9414 0 0 -10
1 21.0467 20.5654 24.7472 0 0 -10
1 21.7591 18.2156 23.4521 0 0 -10
1 20.9487 18.7523 29.0958 0 0 -10
1 23.4604 19.3635 25.6557 0 0 -10
1 21.4938 19.5681 22.9633 0 0 -10
1 21.0195 18.1297 23.9966 0 0 -10
1 20.3404 18.2548 21.2889 0 0 -10
1 19.0679 18.618 24.3918 0 0 -10
1 19.7188 21.6307 25.844 0 0 -10
1 20.5644 19.7758 24.2907 0 0 -10
1 19.6962 18.3596 25.4153 0 0 -10
1 19.6592 20.3027 24.8131 0 0 -10
1 15.7441 18.1922 26.3195 0 0 -10
1 19.7082 18.859 23.9891 0 0 -10
1 18.2045 15.7563 23.1321 0 0 -10
1 20.6654 22.1924 25.4138 0 0 -10
1 19.2374 20.7766 25.4419 0 0 -10
1 19.7464 19.6887 25.9462 0 0 -10
1 18.5084 18.9818 25.6101 0 0 -10
1 20.5721 19.6145 25.9594 0 0 -10
1 17.6973 20.5652 26.8783 0 0 -10
1 20.4127 20.1119 25.1243 0 0 -10
1 19.1967 21.0273 24.2869 0 0 -10
1 18.599 21.0249 24.4677 0 0 -10
1 20.3936 20.8291 24.4979 0 0 -10
1 20.0832 19.3989 25.5729 0 0 -10
1 19.5126 19.319 24.9167 0 0 -10
1 22.2065 20.28 24.763 0 0 -10
1 22.1442 17.772 26.9364 0 0 -10
1 20.6738 15.3042 25.0711 0 0 -10
1 21.8512 23.0013 25.3117 0 0 -10
1 21.3599 19.7838 26.75 0 0 -10
1 18.5134 19.1963 24.2369 0 0 -10
1 20.4923 18.8648 24.0844 0 0 -10
1 18.8145 19.5274 26.1447 0 0 -10
1 23.3067 20.4121 25.3203 0 0 -10
1 18.5659 18.4392 25.2366 0 0 -10
1 18.9298 23.0942 24.7009 0 0 -10
1 20.835 20.3073 24.4877 0 0 -10
1 18.2478 18.6364 24.6832 0 0 -10
1 19.3103 16.7371 26.4303 0 0 -10
1 22.5141 19.0714 25.1307 0 0 -10
1 18.5984 21.0788 26.896 0 0 -10
1 22.0785 20.1924 25.481 0 0 -10
1 20.0636 21.5221 24.7391 0 0 -10
1 22.6463 19.7765 25.1885 0 0 -10
1 19.3848 19.2566 24.0961 0 0 -10
1 20.7479 18.1401 26.1497 0 0 -10
1 21.7474 18.5056 26.1219 0 0 -10
1 21.4569 19.2813 24.5201 0 0 -10
1 20.1419 20.5167 26.0079 0 0 -10
1 19.4131 20.1863 24.9733 0 0 -10
1 21.6933 20.6926 23.1505 0 0 -10
1 18.844 16.706 26.2953 0 0 -10
1 18.8106 19.9098 25.4627 0 0 -10
1 19.2488 20.1358 25.6355 0 0 -10
1 17.2227 23.1177 23.3773 0 0 -10
1 18.9913 20.7283 24.5569 0 0 -10
1 19.5673 20.7852 23.5534 0 0 -10
1 19.8109 20.6911 24.7486 0 0 -10
1 19.5658 18.9661 24.531 0 0 -10
1 21.314 20.5431 24.9601 0 0 -10
1 18.931 20.4335 27.2183 0 0 -10
1 18.5137 22.9451 25.6451 0 0 -10
1 22.6832 19.4072 23.6048 0 0 -10
1 18.4851 22.6118 25.4145 0 0 -10
1 18.9397 20.6209 23.758 0 0 -10
1 21.567 15.4763 24.2013 0 0 -10
1 19.6881 21.4716 27.063 0 0 -10
1 20.515 19.0585 28.3727 0 0 -10
1 22.4587 19.4591 26.4585 0 0 -10
1 20.8276 16.4318 23.5283 0 0 -10
1 19.476 19.9057 25.0691 0 0 -10
1 22.3247 18.9304 26.6055 0 0 -10
1 14.5983 20.9293 24.8454 0 0 -10
1 19.9481 20.7221 25.6101 0 0 -10
1 20.2106 23.4037 27.4399 0 0 -10
1 20.0966 19.0872 24.2639 0 0 -10
1 20.5088 20.6292 25.1966 0 0 -10
1 17.1225 23.458 27.3248 0 0 -10
1 20.6337 20.0255 25.1517 0 0 -10
1 20.1362 20.0075 23.0299 0 0 -10
1 17.4392 21.366 27.8874 0 0 -10
1 22.2871 16.7066 24.6784 0 0 -10
1 22.1507 19.0388 24.8676 0 0 -10
1 17.0884 20.8486 24.9335 0 0 -10
1 18.0235 22.4892 25.4937 0 0 -10
1 21.2704 22.6126 25.6307 0 0 -10
1 21.6985 21.8524 24.7797 0 0 -10
1 18.2621 21.6755 25.6727 0 0 -10
1 19.7462 20.0648 25.6082 0 0 -10
1 21.2159 20.7885 24.0733 0 0 -10
1 22.0833 19.6206 23.7757 0 0 -10
1 21.8339 20.7964 24.2082 0 0 -10
1 18.602 22.8193 25.0624 0 0 -10
1 20.0002 19.5646 21.7001 0 0 -10
1 21.4661 18.9125 24.948 0 0 -10
1 18.5368 21.546 22.6543 0 0 -10
1 19.8867 20.214 24.9049 0 0 -10
1 20.8652 20.3642 23.8843 0 0 -10
1 20.5132 19.7169 23.6812 0 0 -10
1 19.7306 22.3227 25.508 0 0 -10
1 20.657 19.0565 24.9594 0 0 -10
1 21.356 18.7086 24.037 0 0 -10
1 20.0644 19.8722 25.9231 0 0 -10
1 20.2791 18.5652 24.5849 0 0 -10
1 21.6508 18.4738 27.4831 0 0 -10
1 20.4783 19.285 25.8525 0 0 -10
1 22.4567 22.2997 23.8724 0 0 -10
1 19.3386 19.753 26.5149 0 0 -10
1 21.1234 19.2449 24.7441 0 0 -10
1 20.1849 20.4793 25.1626 0 0 -10
1 20.2353 19.6347 25.3811 0 0 -10
1 19.1712 21.2939 25.5858 0 0 -10
1 19.1178 20.7168 24.7731 0 0 -10
1 19.6096 20.1082 24.6231 0 0 -10
1 19.8013 20.9118 26.3008 0 0 -10
1 19.4323 19.3624 24.2882 0 0 -10
1 20.2519 17.6528 23.7072 0 0 -10
1 19.5204 19.4765 21.8696 0 0 -10
1 19.6025 20.6916 27.1159 0 0 -10
1 21.4068 21.2118 22.1778 0 0 -10
1 19.673 21.7935 27.3029 0 0 -10
1 20.463 19.1553 24.6491 0 0 -10
1 20.0817 20.3444 25.681 0 0 -10
1 21.0992 21.0307 26.045 0 0 -10
1 21.3872 20.9508 25.8306 0 0 -10
1 18.7872 19.3388 25.2314 0 0 -10
1 17.5982 20.4116 24.2637 0 0 -10
1 19.087 19.7654 25.5561 0 0 -10
1 19.2209 19.6055 25.055 0 0 -10
1 21.373 19.9576 27.5875 0 0 -10
1 21.738 17.166 24.4768 0 0 -10
1 19.5387 19.1442 24.4925 0 0 -10
1 18.5227 18.7941 25.3769 0 0 -10
1 20.3144 19.5402 25.0912 0 0 -10
1 19.8517 19.2005 23.6287 0 0 -10
1 22.02 19.4396 25.1867 0 0 -10
1 20.7531 19.8086 27.4105 0 0 -10
1 20.5336 20.5957 28.0248 0 0 -10
1 20.6334 18.9661 24.1961 0 0 -10
1 19.5853 22.5697 25.4107 0 0 -10
1 17.7548 20.8197 22.4308 0 0 -10
1 19.7909 18.8622 28.1825 0 0 -10
1 21.9257 21.4526 24.2585 0 0 -10
1 20.55 16.5403 27.6855 0 0 -10
1 20.8692 21.0474 24.7041 0 0 -10
1 18.3523 22.3201 25.2546 0 0 -10
1 19.5097 20.1454 26.22 0 0 -10
1 19.7461 19.8963 24.5389 0 0 -10
1 20.0956 20.9247 23.2271 0 0 -10
1 20.0885 21.7235 26.4136 0 0 -10
1 20.6463 20.4282 24.8081 0 0 -10
1 21.2653 21.0005 24.8041 0 0 -10
1 19.1046 18.8284 25.2262 0 0 -10
1 19.253 20.1278 23.9116 0 0 -10
1 21.618 22.7878 27.6049 0 0 -10
1 20.8944 19.8911 24.7393 0 0 -10
1 18.9885 22.7411 24.629 0 0 -10
1 21.2459 19.7908 25.2598 0 0 -10
1 18.9411 19.8673 25.3736 0 0 -10
1 19.002 20.8018 25.0221 0 0 -10
1 19.0096 20.5847 24.1228 0 0 -10
1 20.7421 18.559 24.0256 0 0 -10
1 19.65 21.2085 25.8723 0 0 -10
1 20.3104 19.5835 24.6066 0 0 -10
1 18.8256 19.6736 24.0461 0 0 -10
1 18.7898 20.0941 23.5277 0 0 -10
1 20.002 20.5096 23.8127 0 0 -10
1 21.0562 20.9166 24.2808 0 0 -10
1 18.8034 20.2943 23.627 0 0 -10
1 20.6855 21.2571 28 0 0 -10
1 20.3226 20.6456 24.1864 0 0 -10
1 19.7371 21.1389 26.6566 0 0 -10
1 21.3124 20.4139 30.4859 0 0 -10
1 19.1555 20.5851 25.3508 0 0 -10
1 20.1919 19.5526 25.2796 0 0 -10
1 21.8785 21.3993 23.5998 0 0 -10
1 19.8095 19.3357 23.7281 0 0 -10
1 21.5345 21.148 21.5863 0 0 -10
1 15.9401 21.1569 27.9083 0 0 -10
1 21.1074 19.9981 25.4562 0 0 -10
1 20.2274 18.9584 25.8861 0 0 -10
1 19.3258 21.4099 24.7952 0 0 -10
1 21.1576 18.7014 26.8059 0 0 -10
1 19.7969 19.5959 24.7854 0 0 -10
1 18.9492 20.1828 27.1803 0 0 -10
1 17.6218 21.075 25.1042 0 0 -10
1 20.2454 19.8443 23.7223 0 0 -10
1 20.0347 20.0476 24.9754 0 0 -10
1 19.995 20.9126 25.8114 0 0 -10
1 18.5334 19.9689 24.7661 0 0 -10
1 19.304 20.1473 25.1206 0 0 -10
1 20.1685 20.8222 23.6788 0 0 -10
1 20.8288 20.3694 21.706 0 0 -10
1 19.6979 15.1319 26.5902 0 0 -10
1 19.1055 18.6316 25.7516 0 0 -10
1 20.693 18.1349 25.2979 0 0 -10
1 20.1313 19.4655 24.4377 0 0 -10
1 18.2475 18.0632 24.195 0 0 -10
1 20.0797 19.4203 25.0214 0 0 -10
1 19.0846 21.3164 25.6539 0 0 -10
1 19.7069 20.4698 24.463 0 0 -10
1 18.0578 20.7165 25.3544 0 0 -10
1 20.7609 18.9306 25.8742 0 0 -10
1 21.8905 19.327 24.7742 0 0 -10
1 21.3583 20.9442 26.3036 0 0 -10
1 23.7291 20.3806 26.4307 0 0 -10
1 17.1141 21.91 26.1192 0 0 -10
1 19.7235 22.2883 24.8864 0 0 -10
1 19.7662 19.7285 25.1911 0 0 -10
1 19.8635 19.8941 24.7687 0 0 -10
1 21.0749 19.064 25.011 0 0 -10
1 20.9384 20.6155 27.5179 0 0 -10
1 18.795 20.2649 24.5493 0 0 -10
1 21.1359 19.3876 26.097 0 0 -10
1 21.0047 20.1782 21.8421 0 0 -10
1 20.2466 18.4402 23.652 0 0 -10
1 19.0806 19.9566 25.1367 0 0 -10
1 19.8718 19.9335 25.0981 0 0 -10
1 20.2011 19.5678 25.5284 0 0 -10
1 22.782 20.6249 25.4011 0 0 -10
1 20.3256 20.6936 23.3299 0 0 -10
1 21.6082 19.7425 24.9264 0 0 -10
1 20.7096 21.9506 25.3226 0 0 -10
1 20.5535 19.8546 25.386 0 0 -10
1 18.8771 19.7801 24.2153 0 0 -10
1 23.279 20.984 25.9216 0 0 -10
1 19.9586 18.587 26.2491 0 0 -10
1 19.4458 21.0863 24.3378 0 0 -10
1 19.9917 19.8261 25.0552 0 0 -10
1 20.6194 24.2868 25.0882 0 0 -10
1 21.2533 20.6536 24.3967 0 0 -10
1 19.7624 19.1607 23.8964 0 0 -10
1 17.7111 17.201 22.0326 0 0 -10
1 18.7994 19.2086 27.5363 0 0 -10
1 16.9574 17.4501 22.8953 0 0 -10
1 21.7342 19.1664 25.8969 0 0 -10
1 19.7318 20.0277 24.7668 0 0 -10
1 18.7189 21.0943 26.3687 0 0 -10
1 23.4193 20.0753 26.3491 0 0 -10
1 19.3962 16.7152 24.6795 0 0 -10
1 22.9954 21.221 23.1665 0 0 -10
1 21.2774 18.9249 27.1739 0 0 -10
1 18.7361 20.1051 23.0602 0 0 -10
1 17.9629 20.7057 22.3187 0 0 -10
1 19.3637 20.5532 26.1099 0 0 -10
1 19.9315 21.1709 25.1037 0 0 -10
1 18.9108 19.0166 25.6189 0 0 -10
1 21.047 19.7458 24.8308 0 0 -10
1 19.7367 20.4314 23.6163 0 0 -10
1 18.4319 18.2563 26.3709 0 0 -10
1 19.5272 16.8667 25.6562 0 0 -10
1 20.5086 20.3345 23.756 0 0 -10
1 21.2898 19.5238 25.9131 0 0 -10
1 19.896 20.0691 25.3755 0 0 -10
1 20.2193 19.7068 25.6969 0 0 -10
1 21.2167 20.7546 23.4971 0 0 -10
1 19.3672 19.2045 23.1973 0 0 -10
1 19.3958 22.3642 24.3631 0 0 -10
1 20.9391 19.4234 24.4801 0 0 -10
1 20.3062 20.559 26.4204 0 0 -10
1 20.2612 20.9131 26.659 0 0 -10
1 19.9116 20.887 25.5469 0 0 -10
1 21.1019 18.5289 26.2192 0 0 -10
1 19.9915 19.6117 24.8762 0 0 -10
1 21.7038 20.266 26.6929 0 0 -10
1 20.4697 18.6008 24.7707 0 0 -10
1 19.597 21.1961 21.1553 0 0 -10
1 19.6726 19.7746 25.4299 0 0 -10
1 19.4154 19.4093 24.8766 0 0 -10
1 23.144 20.1612 22.9439 0 0 -10
1 20.2614 22.4438 24.047 0 0 -10
1 20.7292 21.4823 23.9296 0 0 -10
1 19.6327 21.2234 24.1722 0 0 -10
1 19.3141 20.626 25.5358 0 0 -10
1 20.7831 19.5536 24.5624 0 0 -10
1 22.2612 20.3159 24.1344 0 0 -10
1 18.8014 21.3678 26.0253 0 0 -10
1 23.2486 17.921 24.6545 0 0 -10
1 20.5243 20.6701 25.1112 0 0 -10
1 20.3099 21.9815 25.1287 0 0 -10
1 19.764 18.5153 24.0016 0 0 -10
1 21.0678 22.5703 24.629 0 0 -10
1 17.4882 20.8585 24.907 0 0 -10
1 19.2327 17.5867 21.797 0 0 -10
1 19.0532 19.9647 25.0628 0 0 -10
1 22.1974 21.2386 25.1496 0 0 -10
1 19.7105 19.8008 24.9298 0 0 -10
1 22.0191 22.7812 26.0942 0 0 -10
1 20.4919 19.424 22.6413 0 0 -10
1 19.9004 19.5858 23.109 0 0 -10
1 19.8215 20.4565 24.7262 0 0 -10
1 19.1823 20.428 23.7942 0 0 -10
1 19.7915 19.1495 25.5503 0 0 -10
1 20.4976 20.6178 22.8198 0 0 -10
1 21.3928 20.4204 27.0109 0 0 -10
1 21.4678 19.1851 24.9164 0 0 -10
1 19.4691 21.0471 23.8354 0 0 -10
1 19.0528 19.8803 24.7131 0 0 -10
1 22.8671 19.5873 23.5171 0 0 -10
1 21.0573 17.9111 27.2455 0 0 -10
1 19.3735 21.3608 24.0619 0 0 -10
1 20.0282 18.8235 25.8681 0 0 -10
1 19.048 21.6351 22.6168 0 0 -10
1 21.2556 18.8714 25.4843 0 0 -10
1 18.2036 18.8497 23.3967 0 0 -10
1 19.9529 20.0137 24.4802 0 0 -10
1 20.6127 19.7595 24.0869 0 0 -10
1 19.9394 19.8929 23.7573 0 0 -10
1 19.5749 20.7602 25.4057 0 0 -10
1 20.1481 20.3476 25.8978 0 0 -10
1 17.8878 19.551 25.5796 0 0 -10
1 19.4566 17.8656 24.2493 0 0 -10
1 19.5282 19.5121 21.7069 0 0 -10
1 16.9997 17.7788 24.9171 0 0 -10
1 20.0699 19.0026 24.3238 0 0 -10
1 17.6142 21.9002 21.0272 0 0 -10
1 18.414 20.3879 25.0544 0 0 -10
1 22.0136 20.6486 21.4633 0 0 -10
1 20.4318 20.0577 25.1509 0 0 -10
1 21.3837 20.8484 22.2691 0 0 -10
1 19.6946 20.0822 24.5642 0 0 -10
1 19.3565 18.9256 27.5673 0 0 -10
1 19.6665 19.9656 25.7875 0 0 -10
1 18.6979 20.0057 23.5852 0 0 -10
1 19.0917 20.6302 27.152 0 0 -10
1 20.8123 20.5174 24.9355 0 0 -10
1 19.7162 20.3036 24.5601 0 0 -10
1 19.9694 22.0866 26.5758 0 0 -10
1 19.075 20.0128 25.127 0 0 -10
1 21.3611 18.4988 26.4076 0 0 -10
1 23.1401 20.851 24.1899 0 0 -10
1 21.1916 17.0746 23.259 0 0 -10
1 20.428 19.5937 26.09 0 0 -10
1 18.2034 18.8497 25.884 0 0 -10
1 18.2724 19.9996 26.9829 0 0 -10
1 19.4996 22.8579 23.4126 0 0 -10
1 18.0112 20.3654 26.1047 0 0 -10
1 20.2537 19.5137 24.9927 0 0 -10
1 19.8744 20.1208 25.1245 0 0 -10
1 19.1652 20.0569 25.8096 0 0 -10
1 20.6879 22.0991 23.3632 0 0 -10
1 20.7591 20.3408 22.2484 0 0 -10
1 20.5708 22.5105 25.3941 0 0 -10
1 22.1373 21.3855 28.75 0 0 -10
1 20.3664 20.3692 26.0122 0 0 -10
1 19.7406 18.7632 21.2162 0 0 -10
1 19.3369 19.9712 24.872 0 0 -10
1 23.5822 20.9896 22.9685 0 0 -10
1 17.5573 20.7859 26.4596 0 0 -10
1 20.1009 19.4969 25.2092 0 0 -10
1 20.3473 19.4124 27.2948 0 0 -10
1 19.7838 20.5432 24.6997 0 0 -10
1 22.5406 21.6162 26.8527 0 0 -10
1 20.4159 19.1837 25.0659 0 0 -10
1 19.1783 20.3002 25.0641 0 0 -10
1 19.4735 19.6827 25.1147 0 0 -10
1 20.1481 20.136 25.1783 0 0 -10
1 21.1071 19.1095 23.8471 0 0 -10
1 20.4128 20.732 23.1851 0 0 -10
1 20.6346 19.6579 25.4455 0 0 -10
1 19.2445 18.9637 25.2509 0 0 -10
1 21.8784 21.9194 26.654 0 0 -10
1 22.3288 20.6139 25.8641 0 0 -10
1 21.0472 20.727 22.7343 0 0 -10
1 20.4875 20.8971 27.3394 0 0 -10
1 18.0055 20.7643 25.5056 0 0 -10
1 20.8837 20.0962 25.9544 0 0 -10
1 23.1239 18.0093 25.1823 0 0 -10
1 20.0715 21.2218 28.2647 0 0 -10
1 19.9847 20.2942 24.5183 0 0 -10
1 19.291 21.321 25.6387 0 0 -10
1 21.2844 19.3444 25.5467 0 0 -10
1 22.2424 23.6436 24.1195 0 0 -10
1 19.9527 21.2162 23.4506 0 0 -10
1 19.4665 20.5881 24.0634 0 0 -10
1 20.2291 19.5723 25.1509 0 0 -10
1 22.546 19.1748 24.9113 0 0 -10
1 20.1641 19.2929 27.4008 0 0 -10
1 20.2997 19.2377 23.8377 0 0 -10
1 22.4531 18.0865 25.0973 0 0 -10
1 20.3488 20.2527 25.0975 0 0 -10
1 20.0173 20.0413 24.7661 0 0 -10
1 20.7249 18.9957 25.0032 0 0 -10
1 24.0302 21.6539 21.7089 0 0 -10
1 24.2964 23.1105 25.5823 0 0 -10
1 18.3021 19.5594 23.044 0 0 -10
1 21.9682 19.0784 27.9305 0 0 -10
1 19.038 19.9336 26.5604 0 0 -10
1 19.8914 19.8193 24.0628 0 0 -10
1 20.026 19.8818 24.6019 0 0 -10
1 19.6384 21.4754 25.1781 0 0 -10
1 18.7846 21.8377 26.6123 0 0 -10
1 22.7528 21.5882 26.0151 0 0 -10
1 19.0342 19.2322 27.3188 0 0 -10
1 18.8965 20.6788 24.1967 0 0 -10
1 21.808 16.8548 23.6116 0 0 -10
1 20.5241 20.5587 24.012 0 0 -10
1 20.0199 21.1333 25.833 0 0 -10
1 16.3534 17.4324 26.3562 0 0 -10
1 18.8205 19.8433 25.3579 0 0 -10
1 19.9028 20.995 23.744 0 0 -10
1 20.4577 18.5746 24.2778 0 0 -10
1 20.8268 20.4647 23.9558 0 0 -10
1 20.2806 23.123 23.7607 0 0 -10
1 20.9264 20.4777 26.6492 0 0 -10
1 20.3835 21.9635 23.2504 0 0 -10
1 20.0821 18.6059 25.8353 0 0 -10
1 21.7134 18.2289 26.2955 0 0 -10
1 21.365 19.3335 25.9509 0 0 -10
1 18.8794 21.6109 24.9043 0 0 -10
1 18.2773 18.1263 28.6247 0 0 -10
1 20.6204 19.2767 24.4409 0 0 -10
1 17.0972 18.231 26.6571 0 0 -10
1 16.3799 17.1544 21.3446 0 0 -10
1 18.0027 20.194 26.0687 0 0 -10
1 20.5676 19.4622 24.0034 0 0 -10
1 18.6497 21.0704 25.3502 0 0 -10
1 21.2931 20.047 26.1876 0 0 -10
1 18.5133 19.808 24.9861 0 0 -10
1 19.6752 20.6294 27.0248 0 0 -10
1 18.0939 22.9644 23.1959 0 0 -10
1 20.1163 20.7004 24.2767 0 0 -10
1 18.6086 20.4877 25.6741 0 0 -10
1 19.9049 20.2755 25.4342 0 0 -10
1 19.2922 19.6662 26.3914 0 0 -10
1 18.5066 19.5136 24.115 0 0 -10
1 21.2654 16.4374 21.2349 0 0 -10
1 21.4748 19.8464 24.4347 0 0 -10
1 20.4794 20.4236 25.4064 0 0 -10
1 20.8107 23.1922 23.4104 0 0 -10
1 18.1351 21.6876 25.2761 0 0 -10
1 17.8154 19.9986 25.5206 0 0 -10
1 20.3627 19.5278 24.1933 0 0 -10
1 17.6579 19.3935 25.9732 0 0 -10
1 20.2343 21.2781 23.8136 0 0 -10
1 21.7922 21.8484 25.2108 0 0 -10
1 19.9278 20.6189 23.9617 0 0 -10
1 19.7867 21.7055 21.1672 0 0 -10
1 21.3245 18.2178 24.5552 0 0 -10
1 22.4498 20.8321 24.9832 0 0 -10
1 20.9156 18.8232 25.1295 0 0 -10
1 18.6947 24.3101 24.1892 0 0 -10
1 20.6042 18.6872 24.0723 0 0 -10
1 21.721 20.0561 24.2586 0 0 -10
1 21.0464 20.7126 27.8015 0 0 -10
1 19.8829 20.4748 22.852 0 0 -10
1 18.0127 18.4779 26.0214 0 0 -10
1 20.5929 19.6626 26.9681 0 0 -10
1 22.3746 22.0401 25.1835 0 0 -10
1 18.7096 16.3563 27.156 0 0 -10
1 22.2008 19.449 23.7253 0 0 -10
1 19.8727 21.0147 24.3866 0 0 -10
1 23.2347 18.0952 25.4604 0 0 -10
1 20.5217 20.3033 25.64 0 0 -10
1 19.2245 18.1989 23.295 0 0 -10
1 20.6562 18.9155 24.7757 0 0 -10
1 20.5742 18.8121 26.0715 0 0 -10
1 20.9313 22.4677 27.3586 0 0 -10
1 18.3643 18.3675 24.2349 0 0 -10
1 21.3838 20.8071 21.0701 0 0 -10
1 18.5538 19.5466 23.5705 0 0 -10
1 20.7772 21.5556 24.005 0 0 -10
1 21.8844 21.7954 24.0105 0 0 -10
1 17.0246 18.4737 25.3457 0 0 -10
1 17.2857 19.4664 24.7189 0 0 -10
1 16.9251 17.0208 22.3502 0 0 -10
1 18.4105 18.061 24.6575 0 0 -10
1 19.8963 20.9212 23.8937 0 0 -10
1 19.5404 19.8689 24.1314 0 0 -10
1 18.8566 19.0668 22.8103 0 0 -10
1 22.7845 17.7739 26.4492 0 0 -10
1 19.3985 21.6074 24.3403 0 0 -10
1 20.3576 23.0833 24.6578 0 0 -10
1 19.7862 19.2945 24.3768 0 0 -10
1 18.9585 20.9644 30.1461 0 0 -10
1 18.8762 20.1401 26.7151 0 0 -10
1 20.2813 19.14 25.1725 0 0 -10
1 17.8498 22.4562 25.823 0 0 -10
1 18.7667 20.2755 27.4464 0 0 -10
1 19.1408 22.8668 27.5315 0 0 -10
1 19.8113 21.596 24.988 0 0 -10
1 18.3446 18.9694 25.8612 0 0 -10
1 19.7547 20.7642 24.1569 0 0 -10
1 20.2521 19.9553 25.3803 0 0 -10
1 18.6272 20.6569 27.47 0 0 -10
1 18.4133 21.2788 25.5732 0 0 -10
1 20.7344 19.3059 25.0536 0 0 -10
1 19.2077 19.4453 26.6686 0 0 -10
1 16.3938 19.9118 23.267 0 0 -10
1 19.8444 19.3149 24.2955 0 0 -10
1 19.5759 19.5924 26.5086 0 0 -10
1 21.0322 24.5736 22.4002 0 0 -10
1 18.6019 20.5944 22.5142 0 0 -10
1 18.928 20.0975 24.249 0 0 -10
1 20.0618 20.3185 24.5393 0 0 -10
1 20.1424 20.9443 26.1627 0 0 -10
1 22.6453 22.2054 22.6106 0 0 -10
1 20.0177 22.1163 28.7164 0 0 -10
1 16.4671 19.2986 24.7694 0 0 -10
1 18.0797 21.2034 26.8269 0 0 -10
1 19.7085 20.9739 25.745 0 0 -10
1 19.4877 20.782 25.1079 0 0 -10
1 20.6439 19.5361 23.3976 0 0 -10
1 19.6228 19.6564 24.421 0 0 -10
1 21.4584 20.5319 26.5162 0 0 -10
1 18.2521 23.888 25.4133 0 0 -10
1 21.5972 18.2313 26.8709 0 0 -10
1 19.8366 20.129 25.8995 0 0 -10
1 19.8302 20.4466 25.5135 0 0 -10
1 19.3015 19.0921 24.0298 0 0 -10
1 20.817 20.0031 25.0083 0 0 -10
1 20.5268 20.2609 25.3347 0 0 -10
1 18.7072 18.0613 27.1982 0 0 -10
1 21.6818 19.5935 25.3539 0 0 -10
1 20.7651 20.6229 24.7646 0 0 -10
1 20.4969 20.5354 25.8272 0 0 -10
1 19.788 19.1473 24.6583 0 0 -10
1 22.8901 19.5386 26.3386 0 0 -10
1 18.6303 22.9301 26.5928 0 0 -10
1 19.4709 17.9524 25.0899 0 0 -10
1 21.2909 19.1183 24.6359 0 0 -10
1 22.5196 22.382 24.637 0 0 -10
1 21.0236 20.6906 28.0613 0 0 -10
1 19.8413 20.7267 26.3469 0 0 -10
1 22.0904 21.8005 23.4232 0 0 -10
1 20.9666 16.7362 26.5399 0 0 -10
1 19.6278 16.604 23.5149 0 0 -10
1 18.8061 20.1836 27.4676 0 0 -10
1 19.7063 17.3526 24.3986 0 0 -10
1 20.639 19.5685 25.4792 0 0 -10
1 18.1513 23.406 24.266 0 0 -10
1 20.4888 19.8078 24.4161 0 0 -10
1 20.3995 21.7488 24.1878 0 0 -10
1 23.006 20.516 24.318 0 0 -10
1 22.7184 20.7449 24.9272 0 0 -10
1 19.9972 22.2197 28.4463 0 0 -10
1 19.6204 20.9536 26.3177 0 0 -10
1 20.4035 17.6862 24.9644 0 0 -10
1 21.3246 19.3492 26.1127 0 0 -10
1 18.2679 19.3874 24.6552 0 0 -10
1 21.544 22.2917 25.4013 0 0 -10
1 20.1981 20.8451 23.3267 0 0 -10
1 18.7711 21.7572 25.0736 0 0 -10
1 22.6455 20.5905 26.7839 0 0 -10
1 21.6376 22.0525 25.9108 0 0 -10
1 22.2203 18.4397 22.7609 0 0 -10
1 17.6239 20.4569 25.8052 0 0 -10
1 18.5837 18.9153 23.0308 0 0 -10
1 19.7887 19.7141 25.1783 0 0 -10
1 18.8255 21.3457 25.5172 0 0 -10
1 21.8863 18.3091 26.4493 0 0 -10
1 19.3142 21.1141 24.4575 0 0 -10
1 18.6391 19.5399 25.8195 0 0 -10
1 20.6478 20.5869 26.7292 0 0 -10
1 19.4151 21.4656 25.5793 0 0 -10
1 19.9125 19.8463 25.035 0 0 -10
1 19.9069 19.6469 25.0718 0 0 -10
1 18.359 19.1445 24.7331 0 0 -10
1 19.8142 17.4942 26.0132 0 0 -10
1 22.5298 18.3892 24.8533 0 0 -10
1 18.4398 17.4878 23.4345 0 0 -10
1 16.3437 21.8926 23.8969 0 0 -10
1 21.4476 19.1336 24.3257 0 0 -10
1 18.3316 19.0288 28.4352 0 0 -10
1 19.9612 19.2195 24.4677 0 0 -10
1 19.1349 20.5142 25.1615 0 0 -10
1 20.9151 19.9666 24.9208 0 0 -10
1 17.868 18.2113 21.5248 0 0 -10
1 21.5154 18.2966 23.1927 0 0 -10
1 19.5881 20.1651 24.0208 0 0 -10
1 19.11 19.9918 26.7389 0 0 -10
1 19.4826 19.9791 25.793 0 0 -10
1 20.2745 19.2384 24.4097 0 0 -10
1 20.1829 19.8337 26.1891 0 0 -10
1 22.7203 18.5835 22.7536 0 0 -10
1 21.1578 18.3672 23.4462 0 0 -10
1 21.8105 19.1831 26.2765 0 0 -10
1 21.7416 20.6895 23.3428 0 0 -10
1 22.0731 18.755 23.3441 0 0 -10
1 19.4928 20.1758 25.4851 0 0 -10
1 21.4394 22.421 25.1936 0 0 -10
1 20.2292 19.7863 26.0075 0 0 -10
1 19.046 21.4037 25.4588 0 0 -10
1 19.7213 18.5872 24.0756 0 0 -10
1 20.4554 19.3706 23.2022 0 0 -10
1 20.866 22.2544 22.5136 0 0 -10
1 20.2816 19.6206 24.1908 0 0 -10
1 19.1554 18.2665 24.3967 0 0 -10
1 18.0342 18.3464 25.3778 0 0 -10
1 19.1485 20.5444 25.4974 0 0 -10
1 19.8928 19.9859 24.3066 0 0 -10
1 19.601 19.0801 24.768 0 0 -10
1 19.9194 20.2664 24.1441 0 0 -10
1 21.4923 18.8757 24.2561 0 0 -10
1 21.1086 19.8421 24.3164 0 0 -10
1 19.257 20.3263 22.9435 0 0 -10
1 19.0367 21.7673 24.7894 0 0 -10
1 19.8928 19.4885 25.3126 0 0 -10
1 18.983 19.8601 25.4533 0 0 -10
1 19.9312 18.1477 24.599 0 0 -10
1 18.8107 21.0426 25.8953 0 0 -10
1 20.1413 19.7426 25.2117 0 0 -10
1 21.4464 19.8544 25.6876 0 0 -10
1 21.5068 22.246 23.1023 0 0 -10
1 20.5603 17.737 24.7675 0 0 -10
1 20.2222 21.6475 23.3148 0 0 -10
1 19.0561 18.3435 24.2442 0 0 -10
1 20.7073 20.068 25.613 0 0 -10
1 20.2653 19.1449 25.4025 0 0 -10
1 18.1748 19.7988 24.9536 0 0 -10
1 19.0589 21.7126 26.1016 0 0 -10
1 19.8427 20.9742 25.4613 0 0 -10
1 20.3621 21.4014 23.613 0 0 -10
1 17.5338 22.5537 24.5139 0 0 -10
1 18.1734 18.6052 25.3895 0 0 -10
1 20.9116 19.5216 24.9605 0 0 -10
1 20.2619 19.8025 25.7228 0 0 -10
1 19.2741 20.4691 25.4468 0 0 -10
1 20.5003 19.8968 25.5325 0 0 -10
1 18.4042 21.3577 26.7897 0 0 -10
1 19.3941 19.5295 25.25 0 0 -10
1 19.3514 20.5952 24.6173 0 0 -10
1 21.204 20.9652 24.8973 0 0 -10
1 21.4798 19.0629 26.9478 0 0 -10
1 21.4286 21.8289 24.6406 0 0 -10
1 20.4336 20.975 25.5872 0 0 -10
1 19.2425 17.9949 24.1925 0 0 -10
1 19.6119 21.0245 24.1525 0 0 -10
1 22.1341 20.0737 25.6895 0 0 -10
1 20.8077 17.5341 23.9867 0 0 -10
1 21.7571 18.4179 24.5689 0 0 -10
1 18.9375 19.5819 24.4064 0 0 -10
1 19.9988 21.8074 23.7034 0 0 -10
1 19.5612 19.336 25.9308 0 0 -10
1 21.7935 20.7789 26.0518 0 0 -10
1 20.3238 18.9771 24.7965 0 0 -10
1 19.1596 21.347 25.2801 0 0 -10
1 17.2264 21.0046 26.5781 0 0 -10
1 17.0442 18.6011 25.4384 0 0 -10
1 20.784 20.0437 24.8601 0 0 -10
1 20.5747 20.2032 26.538 0 0 -10
1 20.2039 19.9727 26.709 0 0 -10
1 19.2249 22.0646 23.8776 0 0 -10
1 20.6147 21.1025 25.291 0 0 -10
1 20.4442 20.1003 25.0531 0 0 -10
1 21.8445 19.0905 24.8778 0 0 -10
1 18.766 19.9996 26.0344 0 0 -10
1 20.3753 18.586 28.5497 0 0 -10
1 20.5284 17.9845 25.3764 0 0 -10
1 18.1346 17.4267 24.4922 0 0 -10
1 19.0161 19.2369 23.9228 0 0 -10
1 18.3093 17.9236 25.0345 0 0 -10
1 19.1884 19.9851 24.9001 0 0 -10
1 20.1205 20.3937 25.3919 0 0 -10
1 21.5108 19.5614 24.5961 0 0 -10
1 19.7273 21.1923 24.9738 0 0 -10
1 20.6674 21.7263 23.9062 0 0 -10
1 19.966 19.5257 25.9019 0 0 -10
1 19.9191 18.0786 27.4361 0 0 -10
1 20.7391 19.9336 25.9919 0 0 -10
1 19.8535 19.615 25.186 0 0 -10
1 19.1356 20.6937 23.443 0 0 -10
1 20.8733 20.3761 22.7155 0 0 -10
1 20.0915 18.8034 25.0411 0 0 -10
1 20.5252 19.7238 25.5321 0 0 -10
1 22.2097 23.1716 24.282 0 0 -10
1 22.4874 18.8394 25.0722 0 0 -10
1 20.1978 20.0358 25.1398 0 0 -10
1 21.3289 18.7258 26.3785 0 0 -10
1 20.7218 19.6896 26.3467 0 0 -10
1 20.4288 19.5724 24.5301 0 0 -10
1 20.5829 20.2117 27.7279 0 0 -10
1 16.9202 20.4968 22.645 0 0 -10
1 20.9904 21.5097 22.4081 0 0 -10
1 20.779 20.189 23.0676 0 0 -10
1 18.7175 17.6081 25.5664 0 0 -10
1 18.4243 22.1748 28.0887 0 0 -10
1 18.6307 20.9731 23.388 0 0 -10
1 20.0786 18.6322 26.3168 0 0 -10
1 17.9691 20.6733 22.8094 0 0 -10
1 21.259 21.2511 24.5014 0 0 -10
1 20.3546 19.7594 26.2173 0 0 -10
1 18.9853 19.8171 25.6973 0 0 -10
1 21.6924 21.4429 24.3757 0 0 -10
1 20.9607 20.1831 23.9387 0 0 -10
1 20.2762 20.078 25.0261 0 0 -10
1 21.1495 19.7345 24.4793 0 0 -10
1 20.3976 20.1133 24.9799 0 0 -10
1 18.7658 21.5332 27.1943 0 0 -10
1 17.4604 20.2817 25.2099 0 0 -10
1 19.9292 20.6883 28.0773 0 0 -10
1 18.3765 19.0636 24.6689 0 0 -10
1 18.8652 21.5964 27.2019 0 0 -10
1 19.4073 21.5492 25.943 0 0 -10
1 20.8729 18.2374 24.4725 0 0 -10
1 19.6125 17.7647 25.1341 0 0 -10
1 21.8157 20.8758 25.233 0 0 -10
1 22.9572 20.1433 27.343 0 0 -10
1 21.1221 20.6008 22.8178 0 0 -10
1 19.7635 18.5094 25.0674 0 0 -10
1 21.9222 18.9311 21.7326 0 0 -10
1 18.0337 18.6182 26.4939 0 0 -10
1 19.5288 17.2324 26.9067 0 0 -10
1 20.3059 19.2912 25.6927 0 0 -10
1 20.4595 22.1941 24.2811 0 0 -10
1 22.4013 20.3838 23.7951 0 0 -10
1 20.0262 21.0688 24.2034 0 0 -10
1 18.7554 19.6372 24.0606 0 0 -10
1 20.8929 19.8657 23.7299 0 0 -10
1 16.2035 19.1587 25.017 0 0 -10
1 21.15 19.3592 24.4581 0 0 -10
1 19.3161 19.6471 25.3134 0 0 -10
1 21.563 18.8032 24.9756 0 0 -10
1 21.1618 20.4404 26.1422 0 0 -10
1 19.7797 19.7297 23.4355 0 0 -10
1 18.4191 21.7844 24.5784 0 0 -10
1 18.3751 16.3334 27.0584 0 0 -10
1 20.2045 18.4969 24.3838 0 0 -10
1 19.8525 19.4737 24.9539 0 0 -10
1 20.7217 19.8128 25.8828 0 0 -10
1 22.7688 17.1315 25.0223 0 0 -10
1 21.3794 20.7132 23.7635 0 0 -10
1 19.1025 20.2943 26.0058 0 0 -10
1 19.8225 22.3617 24.121 0 0 -10
1 22.852 17.4572 24.9056 0 0 -10
1 18.962 21.9521 24.4158 0 0 -10
1 19.3364 20.5949 27.0858 0 0 -10
1 19.5802 19.5444 24.5056 0 0 -10
1 19.2857 17.7471 26.4092 0 0 -10
1 19.7648 20.7061 23.5605 0 0 -10
1 22.2881 19.4309 25.1742 0 0 -10
1 21.2387 21.1388 26.7713 0 0 -10
1 20.9802 19.7565 25.6407 0 0 -10
1 21.1581 17.9687 26.4759 0 0 -10
1 20.4595 20.5886 23.0259 0 0 -10
1 19.4227 21.095 24.5076 0 0 -10
1 20.698 21.732 25.2343 0 0 -10
1 20.7003 20.8207 25.2231 0 0 -10
1 19.9718 20.5962 24.8616 0 0 -10
1 22.7859 20.3606 23.6659 0 0 -10
1 20.4728 20.9262 24.3161 0 0 -10
1 20.534 20.8308 25.1431 0 0 -10
1 19.9974 18.2438 25.814 0 0 -10
1 20.8015 20.1321 24.1054 0 0 -10
1 20.3949 20.96 23.8551 0 0 -10
1 19.7928 18.9358 23.2505 0 0 -10
1 18.7404 19.67 25.0334 0 0 -10
1 18.975 19.8732 24.2386 0 0 -10
1 20.3567 19.6178 24.7702 0 0 -10
1 19.5716 20.2992 25.0481 0 0 -10
1 18.6482 20.7407 26.5667 0 0 -10
1 20.6482 21.9146 25.194 0 0 -10
1 20.1377 18.919 24.9832 0 0 -10
1 20.0483 20.7441 23.6701 0 0 -10
1 19.5256 18.999 25.0663 0 0 -10
1 20.5178 19.7457 24.2221 0 0 -10
1 17.8488 21.0856 25.7341 0 0 -10
1 17.1361 18.2929 23.3933 0 0 -10
1 17.9817 21.5766 24.9241 0 0 -10
1 21.0442 21.0575 25.7228 0 0 -10
1 19.9633 19.0736 25.8915 0 0 -10
1 20.3296 19.9865 25.4905 0 0 -10
1 20.0796 19.8776 25.0572 0 0 -10
1 19.5436 19.8341 23.7213 0 0 -10
1 20.9413 20.6706 26.0463 0 0 -10
1 16.9199 19.3987 25.7135 0 0 -10
1 21.3967 19.7902 25.1383 0 0 -10
1 19.01 20.0038 21.6081 0 0 -10
1 18.7747 21.2308 23.4335 0 0 -10
1 19.0375 18.8871 24.7861 0 0 -10
1 20.3773 21.013 24.7102 0 0 -10
1 20.1037 21.5654 25.0591 0 0 -10
1 21.7766 17.2119 24.3296 0 0 -10
1 20.3282 21.0851 24.273 0 0 -10
1 18.9332 22.0396 26.0524 0 0 -10
1 16.7665 18.8421 25.9031 0 0 -10
1 20.4357 19.1601 24.3354 0 0 -10
1 20.633 20.5159 24.105 0 0 -10
1 18.0722 19.4102 23.8309 0 0 -10
1 20.1384 19.8403 25.3819 0 0 -10
1 21.4598 19.9538 26.2944 0 0 -10
1 17.5687 22.4384 23.5001 0 0 -10
1 19.4302 19.7116 25.1527 0 0 -10
1 21.4566 20.7766 24.8955 0 0 -10
1 16.8801 21.814 24.5636 0 0 -10
1 19.3587 20.3251 25.11 0 0 -10
1 19.5614 20.0232 24.6618 0 0 -10
1 16.7846 21.5724 24.7921 0 0 -10
1 20.3723 19.7596 24.9517 0 0 -10
1 19.6103 18.5473 23.8218 0 0 -10
1 20.0729 20.8562 24.8048 0 0 -10
1 18.4424 20.6327 24.9061 0 0 -10
1 20.0663 18.6359 25.3015 0 0 -10
1 19.902 20.3717 25.9356 0 0 -10
1 21.0152 18.7347 23.8077 0 0 -10
1 20.3251 19.4157 23.2298 0 0 -10
1 18.2672 20.7812 23.3622 0 0 -10
1 18.818 20.3811 25.5645 0 0 -10
1 21.475 19.2516 25.5379 0 0 -10
1 20.8968 18.4688 28.2801 0 0 -10
1 19.3575 21.3256 23.1709 0 0 -10
1 19.0248 20.4853 23.7601 0 0 -10
1 19.7388 19.193 27.5379 0 0 -10
1 19.5482 19.7536 25.3722 0 0 -10
1 18.2477 19.0442 23.9835 0 0 -10
1 18.7504 18.5671 24.3092 0 0 -10
1 19.5269 20.0069 24.4589 0 0 -10
1 21.4549 19.414 25.2338 0 0 -10
1 19.1832 20.9728 25.7634 0 0 -10
1 21.5464 21.7484 24.9892 0 0 -10
1 19.9062 20.8676 23.9033 0 0 -10
1 22.1073 21.1354 24.973 0 0 -10
1 19.8978 20.3361 24.8279 0 0 -10
1 21.0625 19.3363 25.7672 0 0 -10
1 19.8075 18.5311 26.4352 0 0 -10
1 19.8497 16.7728 22.8895 0 0 -10
